9.765625000000e-04 6.602059042407e+06 1.160263311073e+07
2.929687500000e-03 7.093340712732e+06 1.160255977767e+07
4.882812500000e-03 7.327304214252e+06 1.160245246007e+07
6.835937500000e-03 7.482785569215e+06 1.160225503194e+07
8.789062500000e-03 7.599407066176e+06 1.160197782721e+07
1.074218750000e-02 7.692701728805e+06 1.160161513970e+07
1.269531250000e-02 7.770398765290e+06 1.160116849817e+07
1.464843750000e-02 7.836912353544e+06 1.160063339998e+07
1.660156250000e-02 7.895003704023e+06 1.160001075886e+07
1.855468750000e-02 7.946516068636e+06 1.159929693464e+07
2.050781250000e-02 7.992741585744e+06 1.159849300707e+07
2.246093750000e-02 8.034621318535e+06 1.159759563919e+07
2.441406250000e-02 8.072861996731e+06 1.159660636509e+07
2.636718750000e-02 8.108007916965e+06 1.159552176615e+07
2.832031250000e-02 8.140487210989e+06 1.159434400723e+07
3.027343750000e-02 8.170642724465e+06 1.159306928884e+07
3.222656250000e-02 8.198753269383e+06 1.159170060128e+07
3.417968750000e-02 8.225048641883e+06 1.159023347374e+07
3.613281250000e-02 8.249720479682e+06 1.158867197192e+07
3.808593750000e-02 8.272930270179e+06 1.158701068360e+07
4.003906250000e-02 8.294815362105e+06 1.158525493927e+07
4.199218750000e-02 8.315493549847e+06 1.158339815227e+07
4.394531250000e-02 8.335066618740e+06 1.158144706728e+07
4.589843750000e-02 8.353623121788e+06 1.157939375511e+07
4.785156250000e-02 8.371240579405e+06 1.157724648993e+07
4.980468750000e-02 8.387987240410e+06 1.157499590800e+07
5.175781250000e-02 8.403923505168e+06 1.157265192726e+07
5.371093750000e-02 8.419103085889e+06 1.157020360424e+07
5.566406250000e-02 8.433573960155e+06 1.156766256536e+07
5.761718750000e-02 8.447379160482e+06 1.156501624843e+07
5.957031250000e-02 8.460557432493e+06 1.156227790535e+07
6.152343750000e-02 8.473143787233e+06 1.155943347479e+07
6.347656250000e-02 8.485169967251e+06 1.155649775903e+07
6.542968750000e-02 8.496664842302e+06 1.155345527049e+07
6.738281250000e-02 8.507654746827e+06 1.155032227833e+07
6.933593750000e-02 8.518163769432e+06 1.154708195865e+07
7.128906250000e-02 8.528214002067e+06 1.154375181734e+07
7.324218750000e-02 8.537825755745e+06 1.154031396326e+07
7.519531250000e-02 8.547017747722e+06 1.153678683962e+07
7.714843750000e-02 8.555807264901e+06 1.153315181887e+07
7.910156250000e-02 8.564210306624e+06 1.152942801824e+07
8.105468750000e-02 8.572241710276e+06 1.152559632645e+07
8.300781250000e-02 8.579915261720e+06 1.152167621290e+07
8.496093750000e-02 8.587243793138e+06 1.151764839499e+07
8.691406250000e-02 8.594239269510e+06 1.151353230174e+07
8.886718750000e-02 8.600912865731e+06 1.150930888661e+07
9.082031250000e-02 8.607275035096e+06 1.150499720249e+07
9.277343750000e-02 8.613335570768e+06 1.150057879004e+07
9.472656250000e-02 8.619103660560e+06 1.149607200716e+07
9.667968750000e-02 8.624587936404e+06 1.149145925229e+07
9.863281250000e-02 8.629796518610e+06 1.148675786440e+07
1.005859375000e-01 8.634737056037e+06 1.148195135256e+07
1.025390625000e-01 8.639416762138e+06 1.147705582553e+07
1.044921875000e-01 8.643842447872e+06 1.147205614680e+07
1.064453125000e-01 8.648020551299e+06 1.146696700933e+07
1.083984375000e-01 8.651957164739e+06 1.146177482334e+07
1.103515625000e-01 8.655658059254e+06 1.145649268443e+07
1.123046875000e-01 8.659128707226e+06 1.145110857379e+07
1.142578125000e-01 8.662374302747e+06 1.144563399696e+07
1.162109375000e-01 8.665399780513e+06 1.144005848095e+07
1.181640625000e-01 8.668209832915e+06 1.143439200135e+07
1.201171875000e-01 8.670808925941e+06 1.142862564518e+07
1.220703125000e-01 8.673201313591e+06 1.142276789129e+07
1.240234375000e-01 8.675391051342e+06 1.141681123856e+07
1.259765625000e-01 8.677382008368e+06 1.141076283337e+07
1.279296875000e-01 8.679177879002e+06 1.140461632472e+07
1.298828125000e-01 8.680782193156e+06 1.139837780451e+07
1.318359375000e-01 8.682198326123e+06 1.139204187219e+07
1.337890625000e-01 8.683429507509e+06 1.138561379411e+07
1.357421875000e-01 8.684478829654e+06 1.137908889969e+07
1.376953125000e-01 8.685349255318e+06 1.137247186058e+07
1.396484375000e-01 8.686043624948e+06 1.136575839899e+07
1.416015625000e-01 8.686564663334e+06 1.135895289786e+07
1.435546875000e-01 8.686914985901e+06 1.135205121215e+07
1.455078125000e-01 8.687097104490e+06 1.134505770208e+07
1.474609375000e-01 8.687113432825e+06 1.133796815052e+07
1.494140625000e-01 8.686966291556e+06 1.133078712924e+07
1.513671875000e-01 8.686657913040e+06 1.132351008480e+07
1.533203125000e-01 8.686190445735e+06 1.131614197765e+07
1.552734375000e-01 8.685565958410e+06 1.130867777072e+07
1.572265625000e-01 8.684786443985e+06 1.130112292420e+07
1.591796875000e-01 8.683853823260e+06 1.129347186178e+07
1.611328125000e-01 8.682769948270e+06 1.128573065117e+07
1.630859375000e-01 8.681536605587e+06 1.127789308020e+07
1.650390625000e-01 8.680155519272e+06 1.126996585137e+07
1.669921875000e-01 8.678628353824e+06 1.126194213307e+07
1.689453125000e-01 8.676956716762e+06 1.125382914552e+07
1.708984375000e-01 8.675142161278e+06 1.124561959624e+07
1.728515625000e-01 8.673186188496e+06 1.123732112989e+07
1.748046875000e-01 8.671090249864e+06 1.122892607308e+07
1.767578125000e-01 8.668855749131e+06 1.122044241231e+07
1.787109375000e-01 8.666484044517e+06 1.121186221127e+07
1.806640625000e-01 8.663976450449e+06 1.120319358327e+07
1.826171875000e-01 8.661334239528e+06 1.119442856552e+07
1.845703125000e-01 8.658558644056e+06 1.118557519701e+07
1.865234375000e-01 8.655650857840e+06 1.117662567512e+07
1.884765625000e-01 8.652612037533e+06 1.116758782149e+07
1.904296875000e-01 8.649443304276e+06 1.115845412815e+07
1.923828125000e-01 8.646145744885e+06 1.114923202145e+07
1.943359375000e-01 8.642720413332e+06 1.113991447027e+07
1.962890625000e-01 8.639168331807e+06 1.113050833440e+07
1.982421875000e-01 8.635490492082e+06 1.112100720862e+07
2.001953125000e-01 8.631687856451e+06 1.111141730314e+07
2.021484375000e-01 8.627761358963e+06 1.110173289856e+07
2.041015625000e-01 8.623711906295e+06 1.109195947184e+07
2.060546875000e-01 8.619540378838e+06 1.108209205082e+07
2.080078125000e-01 8.615247631505e+06 1.107213535268e+07
2.099609375000e-01 8.610834494711e+06 1.106208513544e+07
2.119140625000e-01 8.606301775123e+06 1.105194543621e+07
2.138671875000e-01 8.601650256530e+06 1.104171266700e+07
2.158203125000e-01 8.596880700532e+06 1.103139023784e+07
2.177734375000e-01 8.591993847342e+06 1.102097512329e+07
2.197265625000e-01 8.586990416412e+06 1.101047021874e+07
2.216796875000e-01 8.581871107155e+06 1.099987291123e+07
2.236328125000e-01 8.576636599518e+06 1.098918578294e+07
2.255859375000e-01 8.571287554634e+06 1.097840645309e+07
2.275390625000e-01 8.565824615361e+06 1.096753735443e+07
2.294921875000e-01 8.560248406891e+06 1.095657616347e+07
2.314453125000e-01 8.554559537212e+06 1.094552530957e+07
2.333984375000e-01 8.548758597689e+06 1.093438234317e+07
2.353515625000e-01 8.542846163498e+06 1.092314990806e+07
2.373046875000e-01 8.536822794134e+06 1.091182525578e+07
2.392578125000e-01 8.530689033805e+06 1.090041140879e+07
2.412109375000e-01 8.524445411925e+06 1.088890518269e+07
2.431640625000e-01 8.518092443442e+06 1.087731007662e+07
2.451171875000e-01 8.511630629330e+06 1.086562232511e+07
2.470703125000e-01 8.505060456864e+06 1.085384603368e+07
2.490234375000e-01 8.498382400101e+06 1.084197678568e+07
2.509765625000e-01 8.491596920075e+06 1.083001935925e+07
2.529296875000e-01 8.484704465308e+06 1.081796868706e+07
2.548828125000e-01 8.477705471931e+06 1.080583019768e+07
2.568359375000e-01 8.470600364206e+06 1.079359814864e+07
2.587890625000e-01 8.463389554591e+06 1.078127860415e+07
2.607421875000e-01 8.456073444274e+06 1.076886517955e+07
2.626953125000e-01 8.448652423166e+06 1.075636452353e+07
2.646484375000e-01 8.441126870463e+06 1.074376976240e+07
2.666015625000e-01 8.433497154593e+06 1.073108798671e+07
2.685546875000e-01 8.425763633756e+06 1.071831194203e+07
2.705078125000e-01 8.417926655855e+06 1.070544902680e+07
2.724609375000e-01 8.409986559044e+06 1.069249171163e+07
2.744140625000e-01 8.401943671597e+06 1.067944754796e+07
2.763671875000e-01 8.393798312480e+06 1.066630895872e+07
2.783203125000e-01 8.385550791197e+06 1.065308347329e+07
2.802734375000e-01 8.377201408318e+06 1.063976363733e+07
2.822265625000e-01 8.368750455326e+06 1.062635678918e+07
2.841796875000e-01 8.360198215156e+06 1.061285571603e+07
2.861328125000e-01 8.351544962006e+06 1.059926738483e+07
2.880859375000e-01 8.342790961838e+06 1.058558501291e+07
2.900390625000e-01 8.333936472224e+06 1.057181505087e+07
2.919921875000e-01 8.324981742809e+06 1.055795130575e+07
2.939453125000e-01 8.315927015141e+06 1.054399962204e+07
2.958984375000e-01 8.306772523117e+06 1.052995443395e+07
2.978515625000e-01 8.297518492844e+06 1.051582088471e+07
2.998046875000e-01 8.288165143026e+06 1.050159412327e+07
3.017578125000e-01 8.278712684839e+06 1.048727849500e+07
3.037109375000e-01 8.269161322286e+06 1.047286994689e+07
3.056640625000e-01 8.259511252100e+06 1.045837206681e+07
3.076171875000e-01 8.249762664047e+06 1.044378154200e+07
3.095703125000e-01 8.239915740866e+06 1.042910122338e+07
3.115234375000e-01 8.229970658517e+06 1.041432851523e+07
3.134765625000e-01 8.219927586154e+06 1.039946550803e+07
3.154296875000e-01 8.209786686338e+06 1.038451030503e+07
3.173828125000e-01 8.199548115021e+06 1.036946434678e+07
3.193359375000e-01 8.189212021717e+06 1.035432633643e+07
3.212890625000e-01 8.178778549527e+06 1.033909718546e+07
3.232421875000e-01 8.168247835282e+06 1.032377608546e+07
3.251953125000e-01 8.157620009562e+06 1.030836346889e+07
3.271484375000e-01 8.146895196806e+06 1.029285892841e+07
3.291015625000e-01 8.136073515364e+06 1.027726254147e+07
3.310546875000e-01 8.125155077582e+06 1.026157417042e+07
3.330078125000e-01 8.114139989857e+06 1.024579371164e+07
3.349609375000e-01 8.103028352698e+06 1.022992117755e+07
3.369140625000e-01 8.091820260794e+06 1.021395634451e+07
3.388671875000e-01 8.080515803049e+06 1.019789928184e+07
3.408203125000e-01 8.069115062672e+06 1.018174975546e+07
3.427734375000e-01 8.057618117195e+06 1.016550774420e+07
3.447265625000e-01 8.046025038546e+06 1.014917316068e+07
3.466796875000e-01 8.034335893086e+06 1.013274581964e+07
3.486328125000e-01 8.022550741649e+06 1.011622580267e+07
3.505859375000e-01 8.010669639593e+06 1.009961273778e+07
3.525390625000e-01 7.998692636833e+06 1.008290691266e+07
3.544921875000e-01 7.986619777904e+06 1.006610766660e+07
3.564453125000e-01 7.974451101946e+06 1.004921560458e+07
3.583984375000e-01 7.962186642794e+06 1.003222972773e+07
3.603515625000e-01 7.949826428957e+06 1.001515094689e+07
3.623046875000e-01 7.937370483706e+06 9.997977979448e+06
3.642578125000e-01 7.924818825026e+06 9.980712002332e+06
3.662109375000e-01 7.912171465732e+06 9.963351420799e+06
3.681640625000e-01 7.899428413391e+06 9.945897729642e+06
3.701171875000e-01 7.886589670456e+06 9.928349000228e+06
3.720703125000e-01 7.873655234165e+06 9.910707014922e+06
3.740234375000e-01 7.860625096690e+06 9.892969588946e+06
3.759765625000e-01 7.847499245004e+06 9.875138713936e+06
3.779296875000e-01 7.834277661059e+06 9.857211986632e+06
3.798828125000e-01 7.820960321634e+06 9.839191595459e+06
3.818359375000e-01 7.807547198511e+06 9.821074938019e+06
3.837890625000e-01 7.794038258299e+06 9.802864350866e+06
3.857421875000e-01 7.780433462643e+06 9.784557131633e+06
3.876953125000e-01 7.766732768019e+06 9.766155655044e+06
3.896484375000e-01 7.752936125952e+06 9.747657175878e+06
3.916015625000e-01 7.739043482799e+06 9.729064084542e+06
3.935546875000e-01 7.725054779967e+06 9.710373616506e+06
3.955078125000e-01 7.710969953689e+06 9.691588114879e+06
3.974609375000e-01 7.696788935243e+06 9.672704928316e+06
3.994140625000e-01 7.682511650736e+06 9.653726237184e+06
4.013671875000e-01 7.668138021299e+06 9.634649539611e+06
4.033203125000e-01 7.653667962873e+06 9.615476846338e+06
4.052734375000e-01 7.639101386408e+06 9.596205800606e+06
4.072265625000e-01 7.624438197651e+06 9.576838197996e+06
4.091796875000e-01 7.609678297312e+06 9.557371943912e+06
4.111328125000e-01 7.594821580881e+06 9.537808530731e+06
4.130859375000e-01 7.579867938773e+06 9.518146174209e+06
4.150390625000e-01 7.564817256156e+06 9.498386047283e+06
4.169921875000e-01 7.549669413065e+06 9.478526637304e+06
4.189453125000e-01 7.534424284263e+06 9.458568791157e+06
4.208984375000e-01 7.519081739315e+06 9.438511330451e+06
4.228515625000e-01 7.503641642479e+06 9.418354716693e+06
4.248046875000e-01 7.488103852740e+06 9.398098170286e+06
4.267578125000e-01 7.472468223744e+06 9.377741775327e+06
4.287109375000e-01 7.456734603779e+06 9.357285081227e+06
4.306640625000e-01 7.440902835748e+06 9.336727809387e+06
4.326171875000e-01 7.424972757112e+06 9.316069854651e+06
4.345703125000e-01 7.408944199894e+06 9.295310533333e+06
4.365234375000e-01 7.392816990577e+06 9.274450124463e+06
4.384765625000e-01 7.376590950143e+06 9.253487605638e+06
4.404296875000e-01 7.360265893926e+06 9.232423552916e+06
4.423828125000e-01 7.343841631692e+06 9.211256650182e+06
4.443359375000e-01 7.327317967469e+06 9.189987746075e+06
4.462890625000e-01 7.310694699633e+06 9.168615192771e+06
4.482421875000e-01 7.293971620698e+06 9.147140111718e+06
4.501953125000e-01 7.277148517438e+06 9.125560626761e+06
4.521484375000e-01 7.260225170652e+06 9.103878020168e+06
4.541015625000e-01 7.243201355303e+06 9.082090300950e+06
4.560546875000e-01 7.226076840248e+06 9.060198853060e+06
4.580078125000e-01 7.208851388399e+06 9.038201538890e+06
4.599609375000e-01 7.191524756429e+06 9.016099819131e+06
4.619140625000e-01 7.174096694949e+06 8.993891501159e+06
4.638671875000e-01 7.156566948194e+06 8.971577999104e+06
4.658203125000e-01 7.138935254201e+06 8.949157217884e+06
4.677734375000e-01 7.121201344484e+06 8.926630462630e+06
4.697265625000e-01 7.103364944212e+06 8.903995722201e+06
4.716796875000e-01 7.085425771899e+06 8.881254168632e+06
4.736328125000e-01 7.067383539548e+06 8.858403921706e+06
4.755859375000e-01 7.049237952348e+06 8.835445901366e+06
4.775390625000e-01 7.030988708796e+06 8.812378510719e+06
4.794921875000e-01 7.012635500429e+06 8.789202360322e+06
4.814453125000e-01 6.994178011887e+06 8.765916133854e+06
4.833984375000e-01 6.975615920697e+06 8.742520152051e+06
4.853515625000e-01 6.956948897279e+06 8.719013379382e+06
4.873046875000e-01 6.938176604768e+06 8.695395728878e+06
4.892578125000e-01 6.919298698974e+06 8.671666588515e+06
4.912109375000e-01 6.900314828253e+06 8.647825404542e+06
4.931640625000e-01 6.881224633371e+06 8.623871976538e+06
4.951171875000e-01 6.862027747447e+06 8.599805360441e+06
4.970703125000e-01 6.842723795769e+06 8.575625728747e+06
4.990234375000e-01 6.823312395790e+06 8.551331667287e+06
5.009765625000e-01 6.803793156853e+06 8.526923810526e+06
5.029296875000e-01 6.784165680247e+06 8.502400236076e+06
5.048828125000e-01 6.764429558856e+06 8.477762003110e+06
5.068359375000e-01 6.744584377289e+06 8.453006797764e+06
5.087890625000e-01 6.724629711455e+06 8.428136029644e+06
5.107421875000e-01 6.704565128757e+06 8.403146978679e+06
5.126953125000e-01 6.684390187565e+06 8.378041439157e+06
5.146484375000e-01 6.664104437489e+06 8.352816258364e+06
5.166015625000e-01 6.643707418758e+06 8.327473553410e+06
5.185546875000e-01 6.623198662563e+06 8.302009888415e+06
5.205078125000e-01 6.602577690365e+06 8.276427594289e+06
5.224609375000e-01 6.581844014298e+06 8.250722982111e+06
5.244140625000e-01 6.560997136388e+06 8.224898624419e+06
5.263671875000e-01 6.540036549005e+06 8.198950536451e+06
5.283203125000e-01 6.518961734015e+06 8.172881457572e+06
5.302734375000e-01 6.497772163290e+06 8.146687274818e+06
5.322265625000e-01 6.476467297807e+06 8.120370752700e+06
5.341796875000e-01 6.455046588158e+06 8.093927722022e+06
5.361328125000e-01 6.433509473614e+06 8.067361001865e+06
5.380859375000e-01 6.411855382671e+06 8.040666301743e+06
5.400390625000e-01 6.390083732056e+06 8.013846444260e+06
5.419921875000e-01 6.368193927280e+06 7.986897157734e+06
5.439453125000e-01 6.346185361638e+06 7.959821105484e+06
5.458984375000e-01 6.324057416727e+06 7.932614148948e+06
5.478515625000e-01 6.301809461441e+06 7.905278814333e+06
5.498046875000e-01 6.279440852479e+06 7.877811020104e+06
5.517578125000e-01 6.256950933306e+06 7.850213146937e+06
5.537109375000e-01 6.234339034651e+06 7.822481256731e+06
5.556640625000e-01 6.211604473491e+06 7.794617436284e+06
5.576171875000e-01 6.188746553477e+06 7.766617993764e+06
5.595703125000e-01 6.165764563931e+06 7.738484752015e+06
5.615234375000e-01 6.142657780216e+06 7.710214196175e+06
5.634765625000e-01 6.119425462767e+06 7.681807900620e+06
5.654296875000e-01 6.096066857406e+06 7.653262579590e+06
5.673828125000e-01 6.072581194408e+06 7.624579435859e+06
5.693359375000e-01 6.048967688705e+06 7.595755477774e+06
5.712890625000e-01 6.025225538982e+06 7.566791585759e+06
5.732421875000e-01 6.001353927826e+06 7.537684969317e+06
5.751953125000e-01 5.977352020859e+06 7.508436253533e+06
5.771484375000e-01 5.953218966802e+06 7.479042874045e+06
5.791015625000e-01 5.928953896630e+06 7.449505074740e+06
5.810546875000e-01 5.904555923538e+06 7.419820588237e+06
5.830078125000e-01 5.880024142151e+06 7.389989323678e+06
5.849609375000e-01 5.855357628396e+06 7.360009173862e+06
5.869140625000e-01 5.830555438730e+06 7.329879853187e+06
5.888671875000e-01 5.805616609934e+06 7.299599396509e+06
5.908203125000e-01 5.780540158372e+06 7.269167206347e+06
5.927734375000e-01 5.755325079673e+06 7.238581548347e+06
5.947265625000e-01 5.729970348032e+06 7.207841520562e+06
5.966796875000e-01 5.704474915775e+06 7.176945494730e+06
5.986328125000e-01 5.678837712673e+06 7.145892424724e+06
6.005859375000e-01 5.653057645456e+06 7.114680742354e+06
6.025390625000e-01 5.627133597113e+06 7.083309172796e+06
6.044921875000e-01 5.601064426287e+06 7.051776287762e+06
6.064453125000e-01 5.574848966601e+06 7.020080555300e+06
6.083984375000e-01 5.548486025944e+06 6.988220584710e+06
6.103515625000e-01 5.521974385804e+06 6.956194741421e+06
6.123046875000e-01 5.495312800470e+06 6.924001629540e+06
6.142578125000e-01 5.468499996316e+06 6.891639446568e+06
6.162109375000e-01 5.441534670913e+06 6.859106870892e+06
6.181640625000e-01 5.414415492319e+06 6.826401888040e+06
6.201171875000e-01 5.387141098086e+06 6.793523122395e+06
6.220703125000e-01 5.359710094482e+06 6.760468513995e+06
6.240234375000e-01 5.332121055437e+06 6.727236583738e+06
6.259765625000e-01 5.304372521672e+06 6.693825168097e+06
6.279296875000e-01 5.276462999563e+06 6.660232815972e+06
6.298828125000e-01 5.248390960252e+06 6.626457176845e+06
6.318359375000e-01 5.220154838381e+06 6.592496691840e+06
6.337890625000e-01 5.191753031117e+06 6.558348989514e+06
6.357421875000e-01 5.163183896794e+06 6.524012299519e+06
6.376953125000e-01 5.134445753801e+06 6.489484196163e+06
6.396484375000e-01 5.105536879145e+06 6.454762887427e+06
6.416015625000e-01 5.076455507281e+06 6.419845765157e+06
6.435546875000e-01 5.047199828499e+06 6.384730936765e+06
6.455078125000e-01 5.017767987657e+06 6.349415747414e+06
6.474609375000e-01 4.988158082481e+06 6.313898027878e+06
6.494140625000e-01 4.958368162077e+06 6.278175066468e+06
6.513671875000e-01 4.928396225107e+06 6.242244608429e+06
6.533203125000e-01 4.898240218190e+06 6.206103748665e+06
6.552734375000e-01 4.867898033890e+06 6.169750143290e+06
6.572265625000e-01 4.837367508980e+06 6.133180816875e+06
6.591796875000e-01 4.806646422284e+06 6.096393117941e+06
6.611328125000e-01 4.775732492662e+06 6.059383978383e+06
6.630859375000e-01 4.744623376702e+06 6.022150600067e+06
6.650390625000e-01 4.713316666489e+06 5.984689662396e+06
6.669921875000e-01 4.681809887017e+06 5.946998273002e+06
6.689453125000e-01 4.650100493808e+06 5.909073014532e+06
6.708984375000e-01 4.618185870088e+06 5.870910653678e+06
6.728515625000e-01 4.586063324017e+06 5.832507675157e+06
6.748046875000e-01 4.553730085686e+06 5.793860624924e+06
6.767578125000e-01 4.521183304056e+06 5.754965648038e+06
6.787109375000e-01 4.488420043523e+06 5.715819175475e+06
6.806640625000e-01 4.455437280546e+06 5.676417176513e+06
6.826171875000e-01 4.422231899898e+06 5.636755696059e+06
6.845703125000e-01 4.388800690831e+06 5.596830619695e+06
6.865234375000e-01 4.355140343039e+06 5.556637671618e+06
6.884765625000e-01 4.321247442323e+06 5.516172341037e+06
6.904296875000e-01 4.287118465936e+06 5.475430175874e+06
6.923828125000e-01 4.252749777876e+06 5.434406359276e+06
6.943359375000e-01 4.218137623660e+06 5.393096006051e+06
6.962890625000e-01 4.183278124903e+06 5.351494156963e+06
6.982421875000e-01 4.148167273680e+06 5.309595520046e+06
7.001953125000e-01 4.112800926315e+06 5.267394663731e+06
7.021484375000e-01 4.077174796916e+06 5.224886062384e+06
7.041015625000e-01 4.041284450563e+06 5.182063793041e+06
7.060546875000e-01 4.005125295844e+06 5.138921824086e+06
7.080078125000e-01 3.968692577057e+06 5.095453977386e+06
7.099609375000e-01 3.931981365950e+06 5.051653676041e+06
7.119140625000e-01 3.894986552763e+06 5.007514154521e+06
7.138671875000e-01 3.857702836705e+06 4.963028529536e+06
7.158203125000e-01 3.820124715973e+06 4.918189317315e+06
7.177734375000e-01 3.782246476642e+06 4.872988997010e+06
7.197265625000e-01 3.744062181113e+06 4.827419686860e+06
7.216796875000e-01 3.705565655672e+06 4.781473061814e+06
7.236328125000e-01 3.666750476960e+06 4.735140528021e+06
7.255859375000e-01 3.627609957511e+06 4.688413243792e+06
7.275390625000e-01 3.588137130451e+06 4.641281638889e+06
7.294921875000e-01 3.548324732393e+06 4.593736035171e+06
7.314453125000e-01 3.508165185554e+06 4.545766204784e+06
7.333984375000e-01 3.467650578246e+06 4.497361310121e+06
7.353515625000e-01 3.426772643510e+06 4.448510206400e+06
7.373046875000e-01 3.385522736287e+06 4.399201157459e+06
7.392578125000e-01 3.343891808642e+06 4.349421668180e+06
7.412109375000e-01 3.301870382352e+06 4.299158839631e+06
7.431640625000e-01 3.259448519623e+06 4.248399065408e+06
7.451171875000e-01 3.216615790967e+06 4.197127787935e+06
7.470703125000e-01 3.173361239591e+06 4.145330051953e+06
7.490234375000e-01 3.129673343298e+06 4.092989837635e+06
7.509765625000e-01 3.085539972071e+06 4.040090186543e+06
7.529296875000e-01 3.040948341414e+06 3.986613343766e+06
7.548828125000e-01 2.995884961285e+06 3.932540474167e+06
7.568359375000e-01 2.950335579715e+06 3.877851302036e+06
7.587890625000e-01 2.904285119465e+06 3.822524863848e+06
7.607421875000e-01 2.857717609423e+06 3.766538408241e+06
7.626953125000e-01 2.810616106908e+06 3.709867815004e+06
7.646484375000e-01 2.762962611436e+06 3.652487566018e+06
7.666015625000e-01 2.714737968559e+06 3.594370191362e+06
7.685546875000e-01 2.665921762049e+06 3.535486115256e+06
7.705078125000e-01 2.616492191366e+06 3.475804191710e+06
7.724609375000e-01 2.566425935748e+06 3.415290322575e+06
7.744140625000e-01 2.515697997691e+06 3.353908085619e+06
7.763671875000e-01 2.464281526288e+06 3.291618357016e+06
7.783203125000e-01 2.412147616369e+06 3.228378431530e+06
7.802734375000e-01 2.359265077173e+06 3.164142055191e+06
7.822265625000e-01 2.305600165554e+06 3.098859302245e+06
7.841796875000e-01 2.251116280668e+06 3.032475059528e+06
7.861328125000e-01 2.195773604795e+06 2.964929412971e+06
7.880859375000e-01 2.139528686775e+06 2.896156728761e+06
7.900390625000e-01 2.082333953114e+06 2.826084152178e+06
7.919921875000e-01 2.024137128117e+06 2.754631403341e+06
7.939453125000e-01 1.964880545565e+06 2.681709465295e+06
7.958984375000e-01 1.904500327340e+06 2.607218161045e+06
7.978515625000e-01 1.842925385933e+06 2.531045713465e+06
7.998046875000e-01 1.780076214703e+06 2.453065966359e+06
8.017578125000e-01 1.715863408615e+06 2.373134843655e+06
8.037109375000e-01 1.650185817850e+06 2.291088578523e+06
8.056640625000e-01 1.582928252247e+06 2.206738174132e+06
8.076171875000e-01 1.513958570780e+06 2.119863083592e+06
8.095703125000e-01 1.443123940367e+06 2.030205914851e+06
8.115234375000e-01 1.370245997153e+06 1.937460466269e+06
8.134765625000e-01 1.295114466095e+06 1.841258408795e+06
8.154296875000e-01 1.217478604547e+06 1.741153026000e+06
8.173828125000e-01 1.137035612536e+06 1.636589699508e+06
8.193359375000e-01 1.053414616447e+06 1.526868930024e+06
8.212890625000e-01 9.661542187007e+05 1.411091297277e+06
8.232421875000e-01 8.746711118911e+05 1.288064312881e+06
8.251953125000e-01 7.782165781263e+05 1.156168135383e+06
8.271484375000e-01 6.758218834694e+05 1.013137200261e+06
8.291015625000e-01 5.662575283574e+05 8.557319584023e+05
8.310546875000e-01 4.481494235600e+05 6.795378256000e+05
8.330078125000e-01 3.209718357318e+05 4.806556169794e+05
8.349609375000e-01 1.895044237608e+05 2.680232363342e+05
8.369140625000e-01 7.436346705771e+04 9.098832285087e+04
8.388671875000e-01 1.458214790923e+04 1.633688408831e+04
8.408203125000e-01 1.160515264356e+04 1.160589359799e+04
8.427734375000e-01 1.160451823930e+04 1.160451767895e+04
8.447265625000e-01 1.160451812147e+04 1.160451812460e+04
8.466796875000e-01 1.160451812155e+04 1.160451812163e+04
8.486328125000e-01 1.160451812156e+04 1.160451812156e+04
8.505859375000e-01 1.160451812155e+04 1.160451812155e+04
8.525390625000e-01 1.160451812155e+04 1.160451812155e+04
8.544921875000e-01 1.160451812155e+04 1.160451812155e+04
8.564453125000e-01 1.160451812154e+04 1.160451812154e+04
8.583984375000e-01 1.160451812155e+04 1.160451812155e+04
8.603515625000e-01 1.160451812155e+04 1.160451812155e+04
8.623046875000e-01 1.160451812156e+04 1.160451812156e+04
8.642578125000e-01 1.160451812154e+04 1.160451812154e+04
8.662109375000e-01 1.160451812155e+04 1.160451812155e+04
8.681640625000e-01 1.160451812156e+04 1.160451812156e+04
8.701171875000e-01 1.160451812155e+04 1.160451812155e+04
8.720703125000e-01 1.160451812155e+04 1.160451812155e+04
8.740234375000e-01 1.160451812156e+04 1.160451812156e+04
8.759765625000e-01 1.160451812155e+04 1.160451812155e+04
8.779296875000e-01 1.160451812154e+04 1.160451812154e+04
8.798828125000e-01 1.160451812156e+04 1.160451812156e+04
8.818359375000e-01 1.160451812155e+04 1.160451812155e+04
8.837890625000e-01 1.160451812155e+04 1.160451812155e+04
8.857421875000e-01 1.160451812155e+04 1.160451812155e+04
8.876953125000e-01 1.160451812155e+04 1.160451812155e+04
8.896484375000e-01 1.160451812155e+04 1.160451812155e+04
8.916015625000e-01 1.160451812155e+04 1.160451812155e+04
8.935546875000e-01 1.160451812155e+04 1.160451812155e+04
8.955078125000e-01 1.160451812155e+04 1.160451812155e+04
8.974609375000e-01 1.160451812155e+04 1.160451812155e+04
8.994140625000e-01 1.160451812155e+04 1.160451812155e+04
9.013671875000e-01 1.160451812155e+04 1.160451812155e+04
9.033203125000e-01 1.160451812155e+04 1.160451812155e+04
9.052734375000e-01 1.160451812155e+04 1.160451812155e+04
9.072265625000e-01 1.160451812155e+04 1.160451812155e+04
9.091796875000e-01 1.160451812154e+04 1.160451812154e+04
9.111328125000e-01 1.160451812156e+04 1.160451812156e+04
9.130859375000e-01 1.160451812155e+04 1.160451812155e+04
9.150390625000e-01 1.160451812155e+04 1.160451812155e+04
9.169921875000e-01 1.160451812155e+04 1.160451812155e+04
9.189453125000e-01 1.160451812155e+04 1.160451812155e+04
9.208984375000e-01 1.160451812156e+04 1.160451812156e+04
9.228515625000e-01 1.160451812154e+04 1.160451812154e+04
9.248046875000e-01 1.160451812155e+04 1.160451812155e+04
9.267578125000e-01 1.160451812155e+04 1.160451812155e+04
9.287109375000e-01 1.160451812155e+04 1.160451812155e+04
9.306640625000e-01 1.160451812154e+04 1.160451812154e+04
9.326171875000e-01 1.160451812156e+04 1.160451812156e+04
9.345703125000e-01 1.160451812154e+04 1.160451812154e+04
9.365234375000e-01 1.160451812156e+04 1.160451812156e+04
9.384765625000e-01 1.160451812155e+04 1.160451812155e+04
9.404296875000e-01 1.160451812155e+04 1.160451812155e+04
9.423828125000e-01 1.160451812155e+04 1.160451812155e+04
9.443359375000e-01 1.160451812155e+04 1.160451812155e+04
9.462890625000e-01 1.160451812155e+04 1.160451812155e+04
9.482421875000e-01 1.160451812155e+04 1.160451812155e+04
9.501953125000e-01 1.160451812155e+04 1.160451812155e+04
9.521484375000e-01 1.160451812154e+04 1.160451812154e+04
9.541015625000e-01 1.160451812155e+04 1.160451812155e+04
9.560546875000e-01 1.160451812155e+04 1.160451812155e+04
9.580078125000e-01 1.160451812156e+04 1.160451812156e+04
9.599609375000e-01 1.160451812154e+04 1.160451812154e+04
9.619140625000e-01 1.160451812155e+04 1.160451812155e+04
9.638671875000e-01 1.160451812155e+04 1.160451812155e+04
9.658203125000e-01 1.160451812155e+04 1.160451812155e+04
9.677734375000e-01 1.160451812154e+04 1.160451812154e+04
9.697265625000e-01 1.160451812156e+04 1.160451812156e+04
9.716796875000e-01 1.160451812155e+04 1.160451812155e+04
9.736328125000e-01 1.160451812155e+04 1.160451812155e+04
9.755859375000e-01 1.160451812155e+04 1.160451812155e+04
9.775390625000e-01 1.160451812155e+04 1.160451812155e+04
9.794921875000e-01 1.160451812155e+04 1.160451812155e+04
9.814453125000e-01 1.160451812155e+04 1.160451812155e+04
9.833984375000e-01 1.160451812155e+04 1.160451812155e+04
9.853515625000e-01 1.160451812155e+04 1.160451812155e+04
9.873046875000e-01 1.160451812155e+04 1.160451812155e+04
9.892578125000e-01 1.160451812155e+04 1.160451812155e+04
9.912109375000e-01 1.160451812155e+04 1.160451812155e+04
9.931640625000e-01 1.160451812156e+04 1.160451812156e+04
9.951171875000e-01 1.160451812155e+04 1.160451812155e+04
9.970703125000e-01 1.160451812155e+04 1.160451812155e+04
9.990234375000e-01 1.160451812155e+04 1.160451812155e+04
