4.500000000000e-05 1.081174234999e+07 1.160266872665e+07
1.153391634659e-04 1.061192300247e+07 1.159967369197e+07
1.863599404881e-04 1.051377099609e+07 1.159744726261e+07
2.580689361642e-04 1.044450194072e+07 1.159496019832e+07
3.304728195978e-04 1.039046000262e+07 1.159265713166e+07
4.035783245185e-04 1.034589573044e+07 1.159028216606e+07
4.773922499085e-04 1.030782393684e+07 1.158801969152e+07
5.519214606348e-04 1.027448876330e+07 1.158560812475e+07
6.271728880873e-04 1.024476720763e+07 1.158329380301e+07
7.031535308242e-04 1.021789627669e+07 1.158077804166e+07
7.798704552220e-04 1.019333328077e+07 1.157837718969e+07
8.573307961332e-04 1.017067808981e+07 1.157574290397e+07
9.355417575501e-04 1.014962699812e+07 1.157324031868e+07
1.014510613274e-03 1.012994390663e+07 1.157048723090e+07
1.094244707592e-03 1.011144155215e+07 1.156789143638e+07
1.174751455961e-03 1.009396884628e+07 1.156503558925e+07
1.256038345697e-03 1.007740207904e+07 1.156235380644e+07
1.338112936668e-03 1.006163865034e+07 1.155943178320e+07
1.420982862002e-03 1.004659250327e+07 1.155666093854e+07
1.504655828797e-03 1.003219073242e+07 1.155371355458e+07
1.589139618833e-03 1.001837102127e+07 1.155089184045e+07
1.674442089298e-03 1.000507967663e+07 1.154795873999e+07
1.760571173521e-03 9.992270100061e+06 1.154510432658e+07
1.847534881708e-03 9.979901584585e+06 1.154224951061e+07
1.935341301685e-03 9.967938356823e+06 1.153940455140e+07
2.023998599655e-03 9.956348806719e+06 1.153664870483e+07
2.113515020952e-03 9.945104862350e+06 1.153386189851e+07
2.203898890812e-03 9.934181478160e+06 1.153121752029e+07
2.295158615145e-03 9.923556212753e+06 1.152852584424e+07
2.387302681319e-03 9.913208878013e+06 1.152602642492e+07
2.480339658945e-03 9.903121245571e+06 1.152347177655e+07
2.574278200679e-03 9.893276799667e+06 1.152109184271e+07
2.669127043025e-03 9.883660527906e+06 1.151873721726e+07
2.764895007145e-03 9.874258743083e+06 1.151649120938e+07
2.861590999683e-03 9.865058930733e+06 1.151431649459e+07
2.959224013592e-03 9.856049618033e+06 1.151219171995e+07
3.057803128969e-03 9.847220260572e+06 1.151021129752e+07
3.157337513902e-03 9.838561144156e+06 1.150817223980e+07
3.257836425319e-03 9.830063299256e+06 1.150637809791e+07
3.359309209854e-03 9.821718426281e+06 1.150442847417e+07
3.461765304712e-03 9.813518829950e+06 1.150275666300e+07
3.565214238548e-03 9.805457361599e+06 1.150091356233e+07
3.669665632353e-03 9.797527368158e+06 1.149937188372e+07
3.775129200352e-03 9.789722647035e+06 1.149758215135e+07
3.881614750900e-03 9.782037405939e+06 1.149612714654e+07
3.989132187402e-03 9.774466227201e+06 1.149445322703e+07
4.097691509231e-03 9.767004035792e+06 1.149302704494e+07
4.207302812655e-03 9.759646070785e+06 1.149146269103e+07
4.317976291781e-03 9.752387859652e+06 1.149007144552e+07
4.429722239501e-03 9.745225195212e+06 1.148859852377e+07
4.542551048447e-03 9.738154114782e+06 1.148719516906e+07
4.656473211961e-03 9.731170881384e+06 1.148586543563e+07
4.771499325070e-03 9.724271966709e+06 1.148434828606e+07
4.887640085471e-03 9.717454035638e+06 1.148313686316e+07
5.004906294524e-03 9.710713932243e+06 1.148153821766e+07
5.123308858260e-03 9.704048666923e+06 1.148043293854e+07
5.242858788392e-03 9.697455404831e+06 1.147867022101e+07
5.363567203343e-03 9.690931455086e+06 1.147774535967e+07
5.485445329277e-03 9.684474261173e+06 1.147580413029e+07
5.608504501142e-03 9.678081391805e+06 1.147502961813e+07
5.732756163728e-03 9.671750532938e+06 1.147294787773e+07
5.858211872730e-03 9.665479479960e+06 1.147230392790e+07
5.984883295819e-03 9.659266131034e+06 1.147004822262e+07
6.112782213734e-03 9.653108480361e+06 1.146958962413e+07
6.241920521371e-03 9.647004612632e+06 1.146717721301e+07
6.372310228895e-03 9.640952697152e+06 1.146679978233e+07
6.503963462850e-03 9.634950983216e+06 1.146431323363e+07
6.636892467294e-03 9.628997794963e+06 1.146401019013e+07
6.771109604935e-03 9.623091527502e+06 1.146140449948e+07
6.906627358278e-03 9.617230642368e+06 1.146114490559e+07
7.043458330790e-03 9.611413664296e+06 1.145848889182e+07
7.181615248070e-03 9.605639177180e+06 1.145818012201e+07
7.321110959034e-03 9.599905821364e+06 1.145554987707e+07
7.461958437106e-03 9.594212290058e+06 1.145518589113e+07
7.604170781430e-03 9.588557327050e+06 1.145255905683e+07
7.747761218085e-03 9.582939723506e+06 1.145213716685e+07
7.892743101317e-03 9.577358316039e+06 1.144961905819e+07
8.039129914778e-03 9.571811983861e+06 1.144902272987e+07
8.186935272782e-03 9.566299647104e+06 1.144663358096e+07
8.336172921572e-03 9.560820264322e+06 1.144590839494e+07
8.486856740596e-03 9.555372831007e+06 1.144362981787e+07
8.639000743801e-03 9.549956377391e+06 1.144272784318e+07
8.792619080933e-03 9.544569967127e+06 1.144063268481e+07
8.947726038854e-03 9.539212695369e+06 1.143949509016e+07
9.104336042874e-03 9.533883687556e+06 1.143756686068e+07
9.262463658087e-03 9.528582097774e+06 1.143625294491e+07
9.422123590730e-03 9.523307107612e+06 1.143441440584e+07
9.583330689547e-03 9.518057924754e+06 1.143288767036e+07
9.746099947175e-03 9.512833781911e+06 1.143119396751e+07
9.910446501533e-03 9.507633935636e+06 1.142944869272e+07
1.007638563723e-02 9.502457665281e+06 1.142778946318e+07
1.024393278700e-02 9.497304272016e+06 1.142592082004e+07
1.041310353312e-02 9.492173077841e+06 1.142424085859e+07
1.058391360884e-02 9.487063424745e+06 1.142222807926e+07
1.075637889992e-02 9.481974673777e+06 1.142052167376e+07
1.093051544603e-02 9.476906204342e+06 1.141839685466e+07
1.110633944226e-02 9.471857413318e+06 1.141656399569e+07
1.128386724067e-02 9.466827714441e+06 1.141443617301e+07
1.146311535174e-02 9.461816537526e+06 1.141245442240e+07
1.164410044598e-02 9.456823327876e+06 1.141029232396e+07
1.182683935540e-02 9.451847545610e+06 1.140819006128e+07
1.201134907517e-02 9.446888665104e+06 1.140606114053e+07
1.219764676511e-02 9.441946174415e+06 1.140375896003e+07
1.238574975135e-02 9.437019574715e+06 1.140169972916e+07
1.257567552789e-02 9.432108379851e+06 1.139923739840e+07
1.276744175827e-02 9.427212115743e+06 1.139720647742e+07
1.296106627721e-02 9.422330320063e+06 1.139461682715e+07
1.315656709224e-02 9.417462541618e+06 1.139265299547e+07
1.335396238537e-02 9.412608340131e+06 1.138991018215e+07
1.355327051485e-02 9.407767285586e+06 1.138801438742e+07
1.375451001678e-02 9.402938958131e+06 1.138521071305e+07
1.395769960691e-02 9.398122947389e+06 1.138331721671e+07
1.416285818234e-02 9.393318852440e+06 1.138048353127e+07
1.437000482330e-02 9.388526281132e+06 1.137863370921e+07
1.457915879491e-02 9.383744850121e+06 1.137579229749e+07
1.479033954898e-02 9.378974184184e+06 1.137393912874e+07
1.500356672580e-02 9.374213916299e+06 1.137118365356e+07
1.521886015600e-02 9.369463686996e+06 1.136927905940e+07
1.543623986238e-02 9.364723144423e+06 1.136661322860e+07
1.565572606174e-02 9.359991943766e+06 1.136467809015e+07
1.587733916682e-02 9.355269747293e+06 1.136210190833e+07
1.610109978815e-02 9.350556223835e+06 1.136007513416e+07
1.632702873599e-02 9.345851048801e+06 1.135764470936e+07
1.655514702226e-02 9.341153903748e+06 1.135551893774e+07
1.678547586249e-02 9.336464476324e+06 1.135318347442e+07
1.701803667780e-02 9.331782459946e+06 1.135099702492e+07
1.725285109689e-02 9.327107553683e+06 1.134875095329e+07
1.748994095803e-02 9.322439462013e+06 1.134647255993e+07
1.772932831116e-02 9.317777894651e+06 1.134431723993e+07
1.797103541983e-02 9.313122566403e+06 1.134197621633e+07
1.821508476338e-02 9.308473196928e+06 1.133983749708e+07
1.846149903897e-02 9.303829510659e+06 1.133747537820e+07
1.871030116369e-02 9.299191236545e+06 1.133534639826e+07
1.896151427673e-02 9.294558108011e+06 1.133293518370e+07
1.921516174148e-02 9.289929862681e+06 1.133079473750e+07
1.947126714776e-02 9.285306242373e+06 1.132837629430e+07
1.972985431395e-02 9.280686992824e+06 1.132616669697e+07
1.999094728928e-02 9.276071863679e+06 1.132374733358e+07
2.025457035598e-02 9.271460608260e+06 1.132148085545e+07
2.052074803164e-02 9.266852983530e+06 1.131903809759e+07
2.078950507137e-02 9.262248749887e+06 1.131670273805e+07
2.106086647023e-02 9.257647671128e+06 1.131426892508e+07
2.133485746544e-02 9.253049514278e+06 1.131183546116e+07
2.161150353881e-02 9.248454049508e+06 1.130939047583e+07
2.189083041907e-02 9.243861050027e+06 1.130689138528e+07
2.217286408427e-02 9.239270291969e+06 1.130441310739e+07
2.245763076420e-02 9.234681554312e+06 1.130182645438e+07
2.274515694281e-02 9.230094618749e+06 1.129933126706e+07
2.303546936072e-02 9.225509269649e+06 1.129666021323e+07
2.332859501765e-02 9.220925293893e+06 1.129411696183e+07
2.362456117497e-02 9.216342480874e+06 1.129139423695e+07
2.392339535823e-02 9.211760622318e+06 1.128879299519e+07
2.422512535970e-02 9.207179512300e+06 1.128600711874e+07
2.452977924097e-02 9.202598947059e+06 1.128336598863e+07
2.483738533556e-02 9.198018725033e+06 1.128053798364e+07
2.514797225156e-02 9.193438646671e+06 1.127782512894e+07
2.546156887427e-02 9.188858514465e+06 1.127498454435e+07
2.577820436890e-02 9.184278132790e+06 1.127221849390e+07
2.609790818330e-02 9.179697307908e+06 1.126935220947e+07
2.642071005067e-02 9.175115847839e+06 1.126654441818e+07
2.674663999232e-02 9.170533562349e+06 1.126367704852e+07
2.707572832051e-02 9.165950262848e+06 1.126081655256e+07
2.740800564122e-02 9.161365762348e+06 1.125796174204e+07
2.774350285700e-02 9.156779875403e+06 1.125507782685e+07
2.808225116988e-02 9.152192418038e+06 1.125222056589e+07
2.842428208424e-02 9.147603207711e+06 1.124932879955e+07
2.876962740975e-02 9.143012063233e+06 1.124649905641e+07
2.911831926434e-02 9.138418804754e+06 1.124359498143e+07
2.947039007716e-02 9.133823253652e+06 1.124078943815e+07
2.982587259160e-02 9.129225232553e+06 1.123790228168e+07
3.018479986838e-02 9.124624565205e+06 1.123511496765e+07
3.054720528857e-02 9.120021076505e+06 1.123223920494e+07
3.091312255671e-02 9.115414592370e+06 1.122948615380e+07
3.128258570396e-02 9.110804939779e+06 1.122661185959e+07
3.165562909126e-02 9.106191946625e+06 1.122388191148e+07
3.203228741250e-02 9.101575441782e+06 1.122102294545e+07
3.241259569779e-02 9.096955254938e+06 1.121830599388e+07
3.279658931669e-02 9.092331216680e+06 1.121544137141e+07
3.318430398149e-02 9.087703158310e+06 1.121274672460e+07
3.357577575056e-02 9.083070911960e+06 1.120987426469e+07
3.397104103169e-02 9.078434310377e+06 1.120717858293e+07
3.437013658547e-02 9.073793187062e+06 1.120430311042e+07
3.477309952871e-02 9.069147376049e+06 1.120159979908e+07
3.517996733791e-02 9.064496712044e+06 1.119870783621e+07
3.559077785272e-02 9.059841030203e+06 1.119599412502e+07
3.600556927947e-02 9.055180166287e+06 1.119308775847e+07
3.642438019473e-02 9.050513956425e+06 1.119033787636e+07
3.684724954890e-02 9.045842237264e+06 1.118742429213e+07
3.727421666980e-02 9.041164845764e+06 1.118463700222e+07
3.770532126638e-02 9.036481619318e+06 1.118170305346e+07
3.814060343236e-02 9.031792395567e+06 1.117886969257e+07
3.858010365000e-02 9.027097012503e+06 1.117592565068e+07
3.902386279384e-02 9.022395308316e+06 1.117303231183e+07
3.947192213452e-02 9.017687121451e+06 1.117007713189e+07
3.992432334259e-02 9.012972290513e+06 1.116712537441e+07
4.038110849243e-02 9.008250654268e+06 1.116414953676e+07
4.084232006612e-02 9.003522051599e+06 1.116113679286e+07
4.130800095740e-02 8.998786321460e+06 1.115814583462e+07
4.177819447568e-02 8.994043302886e+06 1.115506120713e+07
4.225294435005e-02 8.989292834886e+06 1.115204436153e+07
4.273229473337e-02 8.984534756516e+06 1.114889717048e+07
4.321629020632e-02 8.979768906716e+06 1.114584497164e+07
4.370497578163e-02 8.974995124435e+06 1.114262901784e+07
4.419839690817e-02 8.970213248418e+06 1.113953805800e+07
4.469659947526e-02 8.965423117381e+06 1.113625506453e+07
4.519962981692e-02 8.960624569754e+06 1.113311436320e+07
4.570753471611e-02 8.955817443894e+06 1.112977255028e+07
4.622036140920e-02 8.951001577799e+06 1.112657039837e+07
4.673815759024e-02 8.946176809338e+06 1.112316906383e+07
4.726097141549e-02 8.941342975961e+06 1.111990533964e+07
4.778885150786e-02 8.936499914930e+06 1.111644995171e+07
4.832184696142e-02 8.931647463033e+06 1.111311066593e+07
4.886000734599e-02 8.926785456797e+06 1.110960799334e+07
4.940338271174e-02 8.921913732237e+06 1.110619365821e+07
4.995202359384e-02 8.917032125028e+06 1.110264444152e+07
5.050598101718e-02 8.912140470297e+06 1.109915293192e+07
5.106530650107e-02 8.907238602753e+06 1.109556107420e+07
5.163005206410e-02 8.902326356520e+06 1.109199121430e+07
5.220027022892e-02 8.897403565222e+06 1.108836273799e+07
5.277601402714e-02 8.892470061877e+06 1.108471851752e+07
5.335733700427e-02 8.887525678909e+06 1.108104996627e+07
5.394429322471e-02 8.882570248112e+06 1.107733638134e+07
5.453693727676e-02 8.877603600601e+06 1.107363468117e+07
5.513532427768e-02 8.872625566840e+06 1.106985314420e+07
5.573950987886e-02 8.867635976522e+06 1.106611498045e+07
5.634955027098e-02 8.862634658662e+06 1.106227219576e+07
5.696550218920e-02 8.857621441423e+06 1.105849763988e+07
5.758742291849e-02 8.852596152261e+06 1.105459646909e+07
5.821537029892e-02 8.847558617696e+06 1.105078374167e+07
5.884940273107e-02 8.842508663508e+06 1.104682521033e+07
5.948957918143e-02 8.837446114460e+06 1.104297195443e+07
6.013595918788e-02 8.832370794539e+06 1.103896248539e+07
6.078860286529e-02 8.827282526640e+06 1.103506271890e+07
6.144757091104e-02 8.822181132836e+06 1.103100080739e+07
6.211292461067e-02 8.817066434037e+06 1.102705326443e+07
6.278472584365e-02 8.811938250279e+06 1.102294297741e+07
6.346303708904e-02 8.806796400377e+06 1.101893966673e+07
6.414792143137e-02 8.801640702206e+06 1.101478173269e+07
6.483944256649e-02 8.796470972361e+06 1.101071856489e+07
6.553766480746e-02 8.791287026432e+06 1.100651408559e+07
6.624265309057e-02 8.786088678677e+06 1.100238707466e+07
6.695447298139e-02 8.780875742270e+06 1.099813519193e+07
6.767319068082e-02 8.775648029010e+06 1.099393810239e+07
6.839887303127e-02 8.770405349522e+06 1.098964137128e+07
6.913158752290e-02 8.765147513022e+06 1.098537324095e+07
6.987140229986e-02 8.759874327461e+06 1.098102795231e+07
7.061838616664e-02 8.754585599340e+06 1.097668671340e+07
7.137260859449e-02 8.749281133798e+06 1.097229495859e+07
7.213413972784e-02 8.743960734498e+06 1.096788042868e+07
7.290305039086e-02 8.738624203635e+06 1.096343971394e+07
7.367941209404e-02 8.733271341897e+06 1.095895251244e+07
7.446329704083e-02 8.727901948401e+06 1.095446078878e+07
7.525477813434e-02 8.722515820721e+06 1.094990343589e+07
7.605392898416e-02 8.717112754761e+06 1.094535875023e+07
7.686082391318e-02 8.711692544842e+06 1.094073018696e+07
7.767553796451e-02 8.706254983513e+06 1.093612887024e+07
7.849814690844e-02 8.700799861693e+06 1.093143307700e+07
7.932872724954e-02 8.695326968437e+06 1.092677057862e+07
8.016735623370e-02 8.689836091111e+06 1.092200640165e+07
8.101411185537e-02 8.684327015124e+06 1.091727895092e+07
8.186907286479e-02 8.678799524135e+06 1.091244823190e+07
8.273231877534e-02 8.673253399761e+06 1.090765122256e+07
8.360392987088e-02 8.667688421787e+06 1.090275411601e+07
8.448398721328e-02 8.662104367882e+06 1.089788240639e+07
8.537257264993e-02 8.656501013794e+06 1.089291928433e+07
8.626976882132e-02 8.650878133083e+06 1.088797080737e+07
8.717565916881e-02 8.645235497287e+06 1.088294048095e+07
8.809032794230e-02 8.639572875692e+06 1.087791032929e+07
8.901386020811e-02 8.633890035451e+06 1.087281287177e+07
8.994634185690e-02 8.628186741403e+06 1.086770013804e+07
9.088785961163e-02 8.622462756138e+06 1.086253280641e+07
9.183850103564e-02 8.616717839867e+06 1.085733539534e+07
9.279835454080e-02 8.610951750434e+06 1.085209642912e+07
9.376750939572e-02 8.605164243237e+06 1.084681421409e+07
9.474605573406e-02 8.599355071184e+06 1.084150146482e+07
9.573408456290e-02 8.593523984669e+06 1.083613396217e+07
9.673168777123e-02 8.587670731471e+06 1.083074387176e+07
9.773895813846e-02 8.581795056775e+06 1.082529270919e+07
9.875598934309e-02 8.575896703036e+06 1.081982355462e+07
9.978287597139e-02 8.569975410027e+06 1.081428809138e+07
1.008197135262e-01 8.564030914670e+06 1.080873683984e+07
1.018665984358e-01 8.558062951110e+06 1.080311869808e+07
1.029236280630e-01 8.552071250530e+06 1.079748316660e+07
1.039909007140e-01 8.546055541222e+06 1.079178176773e+07
1.050685156475e-01 8.540015548406e+06 1.078605948501e+07
1.061565730844e-01 8.533950994294e+06 1.078027419633e+07
1.072551742164e-01 8.527861597915e+06 1.077446356940e+07
1.083644212161e-01 8.521747075159e+06 1.076859337611e+07
1.094844172460e-01 8.515607138622e+06 1.076269138007e+07
1.106152664684e-01 8.509441497626e+06 1.075673425649e+07
1.117570740547e-01 8.503249858083e+06 1.075074003340e+07
1.129099461959e-01 8.497031922488e+06 1.074469359438e+07
1.140739901117e-01 8.490787389807e+06 1.073860445400e+07
1.152493140609e-01 8.484515955441e+06 1.073246631591e+07
1.164360273514e-01 8.478217311133e+06 1.072628097481e+07
1.176342403502e-01 8.471891144910e+06 1.072004847473e+07
1.188440644940e-01 8.465537141010e+06 1.071376514556e+07
1.200656122992e-01 8.459154979796e+06 1.070743529488e+07
1.212989973726e-01 8.452744337697e+06 1.070105243450e+07
1.225443344219e-01 8.446304887113e+06 1.069462329466e+07
1.238017392664e-01 8.439836296357e+06 1.068813900943e+07
1.250713288475e-01 8.433338229547e+06 1.068160757466e+07
1.263532212402e-01 8.426810346554e+06 1.067502043016e+07
1.276475356633e-01 8.420252302888e+06 1.066838495759e+07
1.289543924912e-01 8.413663749642e+06 1.066169274980e+07
1.302739132646e-01 8.407044333370e+06 1.065495096701e+07
1.316062207019e-01 8.400393696035e+06 1.064815175969e+07
1.329514387108e-01 8.393711474879e+06 1.064130188509e+07
1.343096923999e-01 8.386997302367e+06 1.063439365102e+07
1.356811080897e-01 8.380250806052e+06 1.062743365065e+07
1.370658133253e-01 8.373471608517e+06 1.062041383329e+07
1.384639368873e-01 8.366659327233e+06 1.061334203906e+07
1.398756088045e-01 8.359813574499e+06 1.060620856190e+07
1.413009603658e-01 8.352933957291e+06 1.059902257962e+07
1.427401241320e-01 8.346020077205e+06 1.059177285035e+07
1.441932339489e-01 8.339071530289e+06 1.058447061143e+07
1.456604249590e-01 8.332087906994e+06 1.057710222584e+07
1.471418336144e-01 8.325068791989e+06 1.056968104557e+07
1.486375976897e-01 8.318013764114e+06 1.056219141077e+07
1.501478562943e-01 8.310922396182e+06 1.055464836659e+07
1.516727498859e-01 8.303794254937e+06 1.054703499596e+07
1.532124202831e-01 8.296628900838e+06 1.053936710487e+07
1.547670106788e-01 8.289425888019e+06 1.053162711831e+07
1.563366656535e-01 8.282184764059e+06 1.052383100110e+07
1.579215311888e-01 8.274905069942e+06 1.051596180594e+07
1.595217546810e-01 8.267586339816e+06 1.050803413067e+07
1.611374849545e-01 8.260228100948e+06 1.050003269151e+07
1.627688722759e-01 8.252829873477e+06 1.049197003484e+07
1.644160683682e-01 8.245391170350e+06 1.048383335162e+07
1.660792264243e-01 8.237911497089e+06 1.047563235973e+07
1.677585011219e-01 8.230390351694e+06 1.046735729844e+07
1.694540486373e-01 8.222827224422e+06 1.045901452375e+07
1.711660266606e-01 8.215221597666e+06 1.045059772815e+07
1.728945944095e-01 8.207572945740e+06 1.044210994344e+07
1.746399126450e-01 8.199880734733e+06 1.043354799833e+07
1.764021436857e-01 8.192144422300e+06 1.042491176342e+07
1.781814514232e-01 8.184363457488e+06 1.041620105355e+07
1.799780013372e-01 8.176537280540e+06 1.040741304056e+07
1.817919605111e-01 8.168665322684e+06 1.039854986775e+07
1.836234976473e-01 8.160747005954e+06 1.038960658464e+07
1.854727830831e-01 8.152781742942e+06 1.038058701897e+07
1.873399888061e-01 8.144768936623e+06 1.037148487034e+07
1.892252884711e-01 8.136707980090e+06 1.036230498138e+07
1.911288574151e-01 8.128598256370e+06 1.035304023908e+07
1.930508726746e-01 8.120439138134e+06 1.034369581878e+07
1.949915130014e-01 8.112229987515e+06 1.033426454347e+07
1.969509588796e-01 8.103970155800e+06 1.032475139445e+07
1.989293925423e-01 8.095658983223e+06 1.031514952040e+07
2.009269979883e-01 8.087295798654e+06 1.030546322035e+07
2.029439609997e-01 8.078879919372e+06 1.029568639838e+07
2.049804691587e-01 8.070410650736e+06 1.028582247366e+07
2.070367118652e-01 8.061887285942e+06 1.027586626086e+07
2.091128803547e-01 8.053309105684e+06 1.026582005729e+07
2.112091677157e-01 8.044675377880e+06 1.025567968655e+07
2.133257689076e-01 8.035985357325e+06 1.024544644408e+07
2.154628807795e-01 8.027238285390e+06 1.023511706719e+07
2.176207020877e-01 8.018433389661e+06 1.022469186457e+07
2.197994335145e-01 8.009569883610e+06 1.021416833363e+07
2.219992776871e-01 8.000646966225e+06 1.020354606746e+07
2.242204391961e-01 7.991663821643e+06 1.019282314787e+07
2.264631246148e-01 7.982619618766e+06 1.018199859846e+07
2.287275425179e-01 7.973513510866e+06 1.017107078265e+07
2.310139035018e-01 7.964344635177e+06 1.016003845520e+07
2.333224202032e-01 7.955112112475e+06 1.014890015118e+07
2.356533073197e-01 7.945815046641e+06 1.013765444469e+07
2.380067816291e-01 7.936452524212e+06 1.012629979217e+07
2.403830620100e-01 7.927023613915e+06 1.011483479917e+07
2.427823694621e-01 7.917527366188e+06 1.010325779413e+07
2.452049271265e-01 7.907962812678e+06 1.009156745144e+07
2.476509603067e-01 7.898328965737e+06 1.007976186406e+07
2.501206964895e-01 7.888624817877e+06 1.006783977807e+07
2.526143653662e-01 7.878849341230e+06 1.005579911292e+07
2.551321988537e-01 7.869001486970e+06 1.004363872201e+07
2.576744311164e-01 7.859080184730e+06 1.003135626968e+07
2.602412985878e-01 7.849084341983e+06 1.001895062786e+07
2.628330399925e-01 7.839012843417e+06 1.000641936239e+07
2.654498963687e-01 7.828864550269e+06 9.993761326727e+06
2.680921110899e-01 7.818638299655e+06 9.980973950456e+06
2.707599298884e-01 7.808332903855e+06 9.968056010069e+06
2.734536008774e-01 7.797947149590e+06 9.955004874680e+06
2.761733745747e-01 7.787479797250e+06 9.941819222290e+06
2.789195039255e-01 7.776929580125e+06 9.928496401919e+06
2.816922443263e-01 7.766295203567e+06 9.915034883918e+06
2.844918536483e-01 7.755575344158e+06 9.901432014204e+06
2.873185922618e-01 7.744768648813e+06 9.887686127483e+06
2.901727230600e-01 7.733873733877e+06 9.873794561301e+06
2.930545114837e-01 7.722889184161e+06 9.859755405805e+06
2.959642255460e-01 7.711813551958e+06 9.845566025629e+06
2.989021358571e-01 7.700645356009e+06 9.831224312425e+06
3.018685156494e-01 7.689383080437e+06 9.816727630941e+06
3.048636408032e-01 7.678025173622e+06 9.802073653110e+06
3.078877898720e-01 7.666570047052e+06 9.787259710511e+06
3.109412441089e-01 7.655016074100e+06 9.772283270806e+06
3.140242874921e-01 7.643361588775e+06 9.757141664583e+06
3.171372067518e-01 7.631604884402e+06 9.741832141489e+06
3.202802913969e-01 7.619744212258e+06 9.726351937610e+06
3.234538337414e-01 7.607777780141e+06 9.710698139172e+06
3.266581289322e-01 7.595703750877e+06 9.694867908603e+06
3.298934749763e-01 7.583520240773e+06 9.678858139081e+06
3.331601727683e-01 7.571225317986e+06 9.662665864527e+06
3.364585261187e-01 7.558817000831e+06 9.646287816104e+06
3.397888417821e-01 7.546293256005e+06 9.629720879209e+06
3.431514294856e-01 7.533651996741e+06 9.612961638939e+06
3.465466019576e-01 7.520891080858e+06 9.596006794048e+06
3.499746749572e-01 7.508008308747e+06 9.578852752110e+06
3.534359673030e-01 7.495001421237e+06 9.561496034577e+06
3.569308009034e-01 7.481868097376e+06 9.543932895455e+06
3.604595007860e-01 7.468605952103e+06 9.526159619617e+06
3.640223951280e-01 7.455212533810e+06 9.508172280190e+06
3.676198152871e-01 7.441685321769e+06 9.489966948444e+06
3.712520958315e-01 7.428021723457e+06 9.471539498379e+06
3.749195745719e-01 7.414219071729e+06 9.452885760728e+06
3.786225925923e-01 7.400274621860e+06 9.434001390237e+06
3.823614942821e-01 7.386185548429e+06 9.414881956583e+06
3.861366273677e-01 7.371948942051e+06 9.395522884785e+06
3.899483429454e-01 7.357561805925e+06 9.375919486551e+06
3.937969955135e-01 7.343021052218e+06 9.356066903480e+06
3.976829430058e-01 7.328323498246e+06 9.335960163256e+06
4.016065468243e-01 7.313465862452e+06 9.315594131821e+06
4.055681718734e-01 7.298444760168e+06 9.294963525932e+06
4.095681865934e-01 7.283256699144e+06 9.274062886936e+06
4.136069629951e-01 7.267898074819e+06 9.252886609531e+06
4.176848766939e-01 7.252365165339e+06 9.231428888628e+06
4.218023069454e-01 7.236654126284e+06 9.209683760445e+06
4.259596366802e-01 7.220760985095e+06 9.187645047976e+06
4.301572525396e-01 7.204681635170e+06 9.165306389611e+06
4.343955449117e-01 7.188411829615e+06 9.142661199286e+06
4.386749079675e-01 7.171947174619e+06 9.119702700257e+06
4.429957396978e-01 7.155283122434e+06 9.096423857013e+06
4.473584419500e-01 7.138414963911e+06 9.072817413588e+06
4.517634204654e-01 7.121337820587e+06 9.048875852863e+06
4.562110849175e-01 7.104046636261e+06 9.024591411864e+06
4.607018489493e-01 7.086536168040e+06 8.999956034491e+06
4.652361302123e-01 7.068800976797e+06 8.974961393078e+06
4.698143504053e-01 7.050835417014e+06 8.949598841688e+06
4.744369353134e-01 7.032633625938e+06 8.923859425707e+06
4.791043148478e-01 7.014189512009e+06 8.897733855981e+06
4.838169230855e-01 6.995496742494e+06 8.871212496879e+06
4.885751983102e-01 6.976548730270e+06 8.844285328130e+06
4.933795830526e-01 6.957338619660e+06 8.816941952183e+06
4.982305241315e-01 6.937859271268e+06 8.789171555228e+06
5.031284726959e-01 6.918103245698e+06 8.760962891405e+06
5.080738842662e-01 6.898062786085e+06 8.732304259601e+06
5.130672187774e-01 6.877729799309e+06 8.703183474292e+06
5.181089406212e-01 6.857095835775e+06 8.673587823849e+06
5.231995186893e-01 6.836152067632e+06 8.643504071944e+06
5.283394264175e-01 6.814889265270e+06 8.612918406028e+06
5.335291418291e-01 6.793297771943e+06 8.581816399242e+06
5.387691475798e-01 6.771367476319e+06 8.550182973732e+06
5.440599310022e-01 6.749087782756e+06 8.518002366278e+06
5.494019841515e-01 6.726447579072e+06 8.485258080642e+06
5.547958038512e-01 6.703435201547e+06 8.451932854724e+06
5.602418917390e-01 6.680038396864e+06 8.418008580907e+06
5.657407543137e-01 6.656244280657e+06 8.383466256865e+06
5.712929029824e-01 6.632039292290e+06 8.348285938784e+06
5.768988541079e-01 6.607409145455e+06 8.312446672055e+06
5.825591290566e-01 6.582338774107e+06 8.275926412745e+06
5.882742542472e-01 6.556812273179e+06 8.238701945491e+06
5.940447611999e-01 6.530812833474e+06 8.200748784416e+06
5.998711865850e-01 6.504322670013e+06 8.162041101815e+06
6.057540722738e-01 6.477322943023e+06 8.122551624218e+06
6.116939653883e-01 6.449793670646e+06 8.082251491857e+06
6.176914183524e-01 6.421713632288e+06 8.041110138263e+06
6.237469889431e-01 6.393060261343e+06 7.999095159119e+06
6.298612403427e-01 6.363809525875e+06 7.956172138693e+06
6.360347411908e-01 6.333935795564e+06 7.912304488568e+06
6.422680656373e-01 6.303411692948e+06 7.867453254671e+06
6.485617933959e-01 6.272207926681e+06 7.821576880468e+06
6.549165097979e-01 6.240293104089e+06 7.774630964709e+06
6.613328058468e-01 6.207633519807e+06 7.726568002880e+06
6.678112782730e-01 6.174192916743e+06 7.677337064579e+06
6.743525295895e-01 6.139932214829e+06 7.626883442899e+06
6.809571681480e-01 6.104809202130e+06 7.575148260967e+06
6.876258081951e-01 6.068778181832e+06 7.522068008198e+06
6.943590699301e-01 6.031789567209e+06 7.467574014360e+06
7.011575795617e-01 5.993789414973e+06 7.411591875494e+06
7.080219693674e-01 5.954718885293e+06 7.354040764935e+06
7.149528777513e-01 5.914513614081e+06 7.294832612315e+06
7.219509493041e-01 5.873102979557e+06 7.233871181076e+06
7.290168348626e-01 5.830409240791e+06 7.171051000051e+06
7.361511915707e-01 5.786346520096e+06 7.106256080038e+06
7.433546829402e-01 5.740819593589e+06 7.039358404568e+06
7.506279789126e-01 5.693722444299e+06 6.970216123197e+06
7.579717559212e-01 5.644936518790e+06 6.898671383739e+06
7.653866969545e-01 5.594328610349e+06 6.824547742953e+06
7.728734916193e-01 5.541748267144e+06 6.747646989583e+06
7.804328362048e-01 5.487024589642e+06 6.667745227223e+06
7.880654337478e-01 5.429962233577e+06 6.584588025924e+06
7.957719940975e-01 5.370336366024e+06 6.497884332210e+06
8.035532339820e-01 5.307886222453e+06 6.407298774560e+06
8.114098770747e-01 5.242306764315e+06 6.312441729225e+06
8.193426540618e-01 5.173237712126e+06 6.212856331517e+06
8.273523027099e-01 5.100248879457e+06 6.108001307534e+06
8.354395679351e-01 5.022820175355e+06 5.997227725536e+06
8.436052018718e-01 4.940313722732e+06 5.879746868214e+06
8.518499639431e-01 4.851933967435e+06 5.754584769582e+06
8.601746209308e-01 4.756668850454e+06 5.620515949444e+06
8.685799470476e-01 4.653199869918e+06 5.475963352093e+06
8.770667240084e-01 4.539758444389e+06 5.318841088177e+06
8.856357411031e-01 4.413883787487e+06 5.146293975895e+06
8.942877952703e-01 4.271985775883e+06 4.954236920238e+06
9.030236911712e-01 4.108481265455e+06 4.736467157832e+06
9.118442412644e-01 3.913862373236e+06 4.482730171575e+06
9.207502658816e-01 3.669517087728e+06 4.173648962651e+06
9.297425933039e-01 3.329209065000e+06 3.762438930964e+06
9.388220598386e-01 2.717476091948e+06 3.055246219605e+06
9.479895098973e-01 1.446597148018e+06 1.690385308401e+06
9.572457960741e-01 2.740340926170e+05 3.624663646084e+05
9.665917792252e-01 1.197710724152e+04 1.259669693743e+04
9.760283285489e-01 1.160451812189e+04 1.160451812155e+04
9.855563216661e-01 1.160451812201e+04 1.160451812155e+04
9.951766447024e-01 1.160451812155e+04 1.160451812155e+04
