1.953125000000e-04 9.503825944023e+06 1.160207828637e+07
5.859375000000e-04 9.495571968872e+06 1.159198416908e+07
9.765625000000e-04 9.487303615816e+06 1.158188656156e+07
1.367187500000e-03 9.479020821907e+06 1.157177558874e+07
1.757812500000e-03 9.470723523850e+06 1.156164372202e+07
2.148437500000e-03 9.462411657911e+06 1.155149850740e+07
2.539062500000e-03 9.454085159943e+06 1.154133214701e+07
2.929687500000e-03 9.445743965334e+06 1.153115254126e+07
3.320312500000e-03 9.437388009045e+06 1.152095115453e+07
3.710937500000e-03 9.429017225556e+06 1.151073612007e+07
4.101562500000e-03 9.420631548908e+06 1.150049934333e+07
4.492187500000e-03 9.412230912653e+06 1.149024855282e+07
4.882812500000e-03 9.403815249894e+06 1.147997566630e+07
5.273437500000e-03 9.395384493231e+06 1.146968822987e+07
5.664062500000e-03 9.386938574806e+06 1.145937871947e+07
6.054687500000e-03 9.378477426248e+06 1.144905407258e+07
6.445312500000e-03 9.370000978715e+06 1.143870749200e+07
6.835937500000e-03 9.361509162846e+06 1.142834502206e+07
7.226562500000e-03 9.353001908792e+06 1.141796072134e+07
7.617187500000e-03 9.344479146179e+06 1.140755973819e+07
8.007812500000e-03 9.335940804132e+06 1.139713731172e+07
8.398437500000e-03 9.327386811241e+06 1.138669743675e+07
8.789062500000e-03 9.318817095582e+06 1.137623626892e+07
9.179687500000e-03 9.310231584689e+06 1.136575659860e+07
9.570312500000e-03 9.301630205563e+06 1.135525618885e+07
9.960937500000e-03 9.293012884656e+06 1.134473653848e+07
1.035156250000e-02 9.284379547875e+06 1.133419638624e+07
1.074218750000e-02 9.275730120570e+06 1.132363597154e+07
1.113281250000e-02 9.267064527525e+06 1.131305562700e+07
1.152343750000e-02 9.258382692962e+06 1.130245428618e+07
1.191406250000e-02 9.249684540523e+06 1.129183371474e+07
1.230468750000e-02 9.240969993282e+06 1.128119117811e+07
1.269531250000e-02 9.232238973713e+06 1.127052994284e+07
1.308593750000e-02 9.223491403716e+06 1.125984629921e+07
1.347656250000e-02 9.214727204578e+06 1.124914479956e+07
1.386718750000e-02 9.205946297004e+06 1.123842011677e+07
1.425781250000e-02 9.197148601073e+06 1.122767806398e+07
1.464843750000e-02 9.188334036270e+06 1.121691265973e+07
1.503906250000e-02 9.179502521443e+06 1.120613026999e+07
1.542968750000e-02 9.170653974837e+06 1.119532429318e+07
1.582031250000e-02 9.161788314047e+06 1.118450139207e+07
1.621093750000e-02 9.152905456054e+06 1.117365490311e+07
1.660156250000e-02 9.144005317174e+06 1.116279125156e+07
1.699218750000e-02 9.135087813099e+06 1.115190407784e+07
1.738281250000e-02 9.126152858843e+06 1.114099933529e+07
1.777343750000e-02 9.117200368779e+06 1.113007104776e+07
1.816406250000e-02 9.108230256593e+06 1.111912437810e+07
1.855468750000e-02 9.099242435307e+06 1.110815421948e+07
1.894531250000e-02 9.090236817246e+06 1.109716508231e+07
1.933593750000e-02 9.081213314054e+06 1.108615209489e+07
1.972656250000e-02 9.072171836661e+06 1.107511921953e+07
2.011718750000e-02 9.063112295295e+06 1.106406252323e+07
2.050781250000e-02 9.054034599457e+06 1.105298521789e+07
2.089843750000e-02 9.044938657928e+06 1.104188369861e+07
2.128906250000e-02 9.035824378743e+06 1.103076092623e+07
2.167968750000e-02 9.026691669199e+06 1.101961396297e+07
2.207031250000e-02 9.017540435828e+06 1.100844498887e+07
2.246093750000e-02 9.008370584409e+06 1.099725184670e+07
2.285156250000e-02 8.999182019939e+06 1.098603606502e+07
2.324218750000e-02 8.989974646638e+06 1.097479624996e+07
2.363281250000e-02 8.980748367932e+06 1.096353314071e+07
2.402343750000e-02 8.971503086449e+06 1.095224622090e+07
2.441406250000e-02 8.962238704008e+06 1.094093541321e+07
2.480468750000e-02 8.952955121609e+06 1.092960094245e+07
2.519531250000e-02 8.943652239425e+06 1.091824221286e+07
2.558593750000e-02 8.934329956793e+06 1.090685980224e+07
2.597656250000e-02 8.924988172205e+06 1.089545295497e+07
2.636718750000e-02 8.915626783295e+06 1.088402226253e+07
2.675781250000e-02 8.906245686837e+06 1.087256716587e+07
2.714843750000e-02 8.896844778728e+06 1.086108787926e+07
2.753906250000e-02 8.887423953982e+06 1.084958434860e+07
2.792968750000e-02 8.877983106720e+06 1.083805622460e+07
2.832031250000e-02 8.868522130160e+06 1.082650401505e+07
2.871093750000e-02 8.859040916605e+06 1.081492680359e+07
2.910156250000e-02 8.849539357436e+06 1.080332558710e+07
2.949218750000e-02 8.840017343100e+06 1.079169901410e+07
2.988281250000e-02 8.830474763096e+06 1.078004840014e+07
3.027343750000e-02 8.820911505973e+06 1.076837205795e+07
3.066406250000e-02 8.811327459306e+06 1.075667160068e+07
3.105468750000e-02 8.801722509699e+06 1.074494496737e+07
3.144531250000e-02 8.792096542758e+06 1.073319411354e+07
3.183593750000e-02 8.782449443096e+06 1.072141652243e+07
3.222656250000e-02 8.772781094301e+06 1.070961464690e+07
3.261718750000e-02 8.763091378946e+06 1.069778533949e+07
3.300781250000e-02 8.753380178549e+06 1.068593167279e+07
3.339843750000e-02 8.743647373591e+06 1.067404990663e+07
3.378906250000e-02 8.733892843472e+06 1.066214358504e+07
3.417968750000e-02 8.724116466525e+06 1.065020863870e+07
3.457031250000e-02 8.714318119974e+06 1.063824877687e+07
3.496093750000e-02 8.704497679953e+06 1.062626000308e+07
3.535156250000e-02 8.694655021453e+06 1.061424575260e+07
3.574218750000e-02 8.684790018350e+06 1.060220256312e+07
3.613281250000e-02 8.674902543351e+06 1.059013320610e+07
3.652343750000e-02 8.664992468011e+06 1.057803503699e+07
3.691406250000e-02 8.655059662695e+06 1.056590999772e+07
3.730468750000e-02 8.645103996584e+06 1.055375628914e+07
3.769531250000e-02 8.635125337640e+06 1.054157507805e+07
3.808593750000e-02 8.625123552608e+06 1.052936523886e+07
3.847656250000e-02 8.615098506986e+06 1.051712734601e+07
3.886718750000e-02 8.605050065024e+06 1.050486072003e+07
3.925781250000e-02 8.594978089694e+06 1.049256550459e+07
3.964843750000e-02 8.584882442682e+06 1.048024134617e+07
4.003906250000e-02 8.574762984369e+06 1.046788798784e+07
4.042968750000e-02 8.564619573810e+06 1.045550546404e+07
4.082031250000e-02 8.554452068722e+06 1.044309301053e+07
4.121093750000e-02 8.544260325462e+06 1.043065123845e+07
4.160156250000e-02 8.534044199010e+06 1.041817873210e+07
4.199218750000e-02 8.523803542945e+06 1.040567684254e+07
4.238281250000e-02 8.513538209439e+06 1.039314346070e+07
4.277343750000e-02 8.503248049219e+06 1.038058066306e+07
4.316406250000e-02 8.492932911570e+06 1.036798580015e+07
4.355468750000e-02 8.482592644291e+06 1.035536141992e+07
4.394531250000e-02 8.472227093704e+06 1.034270467233e+07
4.433593750000e-02 8.461836104602e+06 1.033001814696e+07
4.472656250000e-02 8.451419520265e+06 1.031729921346e+07
4.511718750000e-02 8.440977182407e+06 1.030455005047e+07
4.550781250000e-02 8.430508931183e+06 1.029176859946e+07
4.589843750000e-02 8.420014605146e+06 1.027895631129e+07
4.628906250000e-02 8.409494041246e+06 1.026611187177e+07
4.667968750000e-02 8.398947074792e+06 1.025323590311e+07
4.707031250000e-02 8.388373539441e+06 1.024032781115e+07
4.746093750000e-02 8.377773267171e+06 1.022738747383e+07
4.785156250000e-02 8.367146088257e+06 1.021441487421e+07
4.824218750000e-02 8.356491831250e+06 1.020140930337e+07
4.863281250000e-02 8.345810322946e+06 1.018837118695e+07
4.902343750000e-02 8.335101388374e+06 1.017529933392e+07
4.941406250000e-02 8.324364850750e+06 1.016219458775e+07
4.980468750000e-02 8.313600531473e+06 1.014905526133e+07
5.019531250000e-02 8.302808250077e+06 1.013588271920e+07
5.058593750000e-02 8.291987824223e+06 1.012267466995e+07
5.097656250000e-02 8.281139069648e+06 1.010943316040e+07
5.136718750000e-02 8.270261800166e+06 1.009615518344e+07
5.175781250000e-02 8.259355827604e+06 1.008284357203e+07
5.214843750000e-02 8.248420961812e+06 1.006949459030e+07
5.253906250000e-02 8.237457010588e+06 1.005611181088e+07
5.292968750000e-02 8.226463779699e+06 1.004269090443e+07
5.332031250000e-02 8.215441072797e+06 1.002923597130e+07
5.371093750000e-02 8.204388691444e+06 1.001574234265e+07
5.410156250000e-02 8.193306435021e+06 1.000221433844e+07
5.449218750000e-02 8.182194100759e+06 9.988647233575e+06
5.488281250000e-02 8.171051483646e+06 9.975045276332e+06
5.527343750000e-02 8.159878376451e+06 9.961403899849e+06
5.566406250000e-02 8.148674569635e+06 9.947727101470e+06
5.605468750000e-02 8.137439851372e+06 9.934010562504e+06
5.644531250000e-02 8.126174007462e+06 9.920257992412e+06
5.683593750000e-02 8.114876821343e+06 9.906465298343e+06
5.722656250000e-02 8.103548074009e+06 9.892635962647e+06
5.761718750000e-02 8.092187544018e+06 9.878766049933e+06
5.800781250000e-02 8.080795007407e+06 9.864858890083e+06
5.839843750000e-02 8.069370237703e+06 9.850910665134e+06
5.878906250000e-02 8.057913005832e+06 9.836924570501e+06
5.917968750000e-02 8.046423080130e+06 9.822896935875e+06
5.957031250000e-02 8.034900226249e+06 9.808830761413e+06
5.996093750000e-02 8.023344207168e+06 9.794722615158e+06
6.035156250000e-02 8.011754783101e+06 9.780575196530e+06
6.074218750000e-02 8.000131711498e+06 9.766385411746e+06
6.113281250000e-02 7.988474746958e+06 9.752155571210e+06
6.152343750000e-02 7.976783641224e+06 9.737882973652e+06
6.191406250000e-02 7.965058143097e+06 9.723569515766e+06
6.230468750000e-02 7.953297998428e+06 9.709212872891e+06
6.269531250000e-02 7.941502950032e+06 9.694814573362e+06
6.308593750000e-02 7.929672737672e+06 9.680372599301e+06
6.347656250000e-02 7.917807097978e+06 9.665888191062e+06
6.386718750000e-02 7.905905764423e+06 9.651359561160e+06
6.425781250000e-02 7.893968467246e+06 9.636787724395e+06
6.464843750000e-02 7.881994933420e+06 9.622171087330e+06
6.503906250000e-02 7.869984886574e+06 9.607510448480e+06
6.542968750000e-02 7.857938046961e+06 9.592804429236e+06
6.582031250000e-02 7.845854131377e+06 9.578053569145e+06
6.621093750000e-02 7.833732853123e+06 9.563256763050e+06
6.660156250000e-02 7.821573921928e+06 9.548414231225e+06
6.699218750000e-02 7.809377043899e+06 9.533525194185e+06
6.738281250000e-02 7.797141921453e+06 9.518589522184e+06
6.777343750000e-02 7.784868253253e+06 9.503606764636e+06
6.816406250000e-02 7.772555734145e+06 9.488576471446e+06
6.855468750000e-02 7.760204055088e+06 9.473498459674e+06
6.894531250000e-02 7.747812903089e+06 9.458372047278e+06
6.933593750000e-02 7.735381961129e+06 9.443197210808e+06
6.972656250000e-02 7.722910908095e+06 9.427973153027e+06
7.011718750000e-02 7.710399418704e+06 9.412699894336e+06
7.050781250000e-02 7.697847163432e+06 9.397376625341e+06
7.089843750000e-02 7.685253808431e+06 9.382003326674e+06
7.128906250000e-02 7.672619015459e+06 9.366579235431e+06
7.167968750000e-02 7.659942441793e+06 9.351104259408e+06
7.207031250000e-02 7.647223740152e+06 9.335577691528e+06
7.246093750000e-02 7.634462558610e+06 9.319999375835e+06
7.285156250000e-02 7.621658540511e+06 9.304368639756e+06
7.324218750000e-02 7.608811324382e+06 9.288685288393e+06
7.363281250000e-02 7.595920543845e+06 9.272948660528e+06
7.402343750000e-02 7.582985827519e+06 9.257158534878e+06
7.441406250000e-02 7.570006798935e+06 9.241314258295e+06
7.480468750000e-02 7.556983076432e+06 9.225415569586e+06
7.519531250000e-02 7.543914273063e+06 9.209461843766e+06
7.558593750000e-02 7.530799996492e+06 9.193452745617e+06
7.597656250000e-02 7.517639848891e+06 9.177387708715e+06
7.636718750000e-02 7.504433426834e+06 9.161266287809e+06
7.675781250000e-02 7.491180321189e+06 9.145087996608e+06
7.714843750000e-02 7.477880117005e+06 9.128852261646e+06
7.753906250000e-02 7.464532393399e+06 9.112558676938e+06
7.792968750000e-02 7.451136723437e+06 9.096206549735e+06
7.832031250000e-02 7.437692674016e+06 9.079795534120e+06
7.871093750000e-02 7.424199805737e+06 9.063324848611e+06
7.910156250000e-02 7.410657672780e+06 9.046794179087e+06
7.949218750000e-02 7.397065822777e+06 9.030202691412e+06
7.988281250000e-02 7.383423796669e+06 9.013550082072e+06
8.027343750000e-02 7.369731128580e+06 8.996835488662e+06
8.066406250000e-02 7.355987345669e+06 8.980058612951e+06
8.105468750000e-02 7.342191967989e+06 8.963218567803e+06
8.144531250000e-02 7.328344508339e+06 8.946315069056e+06
8.183593750000e-02 7.314444472110e+06 8.929347190509e+06
8.222656250000e-02 7.300491357131e+06 8.912314675065e+06
8.261718750000e-02 7.286484653511e+06 8.895216537601e+06
8.300781250000e-02 7.272423843471e+06 8.878052553842e+06
8.339843750000e-02 7.258308401182e+06 8.860821668564e+06
8.378906250000e-02 7.244137792580e+06 8.843523682224e+06
8.417968750000e-02 7.229911475206e+06 8.826157475434e+06
8.457031250000e-02 7.215628898004e+06 8.808722852373e+06
8.496093750000e-02 7.201289501148e+06 8.791218651482e+06
8.535156250000e-02 7.186892715838e+06 8.773644653514e+06
8.574218750000e-02 7.172437964110e+06 8.755999683987e+06
8.613281250000e-02 7.157924658623e+06 8.738283475250e+06
8.652343750000e-02 7.143352202456e+06 8.720494865483e+06
8.691406250000e-02 7.128719988886e+06 8.702633521437e+06
8.730468750000e-02 7.114027401170e+06 8.684698308666e+06
8.769531250000e-02 7.099273812309e+06 8.666688819910e+06
8.808593750000e-02 7.084458584824e+06 8.648603951279e+06
8.847656250000e-02 7.069581070497e+06 8.630443218971e+06
8.886718750000e-02 7.054640610138e+06 8.612205545940e+06
8.925781250000e-02 7.039636533315e+06 8.593890370965e+06
8.964843750000e-02 7.024568158097e+06 8.575496639235e+06
9.003906250000e-02 7.009434790775e+06 8.557023709992e+06
9.042968750000e-02 6.994235725587e+06 8.538470548635e+06
9.082031250000e-02 6.978970244423e+06 8.519836431382e+06
9.121093750000e-02 6.963637616526e+06 8.501120343778e+06
9.160156250000e-02 6.948237098189e+06 8.482321476511e+06
9.199218750000e-02 6.932767932430e+06 8.463438833609e+06
9.238281250000e-02 6.917229348670e+06 8.444471521809e+06
9.277343750000e-02 6.901620562390e+06 8.425418556670e+06
9.316406250000e-02 6.885940774786e+06 8.406278968508e+06
9.355468750000e-02 6.870189172406e+06 8.387051770909e+06
9.394531250000e-02 6.854364926779e+06 8.367735930504e+06
9.433593750000e-02 6.838467194031e+06 8.348330440919e+06
9.472656250000e-02 6.822495114487e+06 8.328834219912e+06
9.511718750000e-02 6.806447812263e+06 8.309246223020e+06
9.550781250000e-02 6.790324394841e+06 8.289565331805e+06
9.589843750000e-02 6.774123952632e+06 8.269790450005e+06
9.628906250000e-02 6.757845558522e+06 8.249920430119e+06
9.667968750000e-02 6.741488267406e+06 8.229954117520e+06
9.707031250000e-02 6.725051115704e+06 8.209890335935e+06
9.746093750000e-02 6.708533120857e+06 8.189727872898e+06
9.785156250000e-02 6.691933280814e+06 8.169465517829e+06
9.824218750000e-02 6.675250573493e+06 8.149102005541e+06
9.863281250000e-02 6.658483956225e+06 8.128636082248e+06
9.902343750000e-02 6.641632365181e+06 8.108066436110e+06
9.941406250000e-02 6.624694714777e+06 8.087391760444e+06
9.980468750000e-02 6.607669897055e+06 8.066610700551e+06
1.001953125000e-01 6.590556781048e+06 8.045721888080e+06
1.005859375000e-01 6.573354212115e+06 8.024723925215e+06
1.009765625000e-01 6.556061011255e+06 8.003615374676e+06
1.013671875000e-01 6.538675974398e+06 7.982394791261e+06
1.017578125000e-01 6.521197871660e+06 7.961060662885e+06
1.021484375000e-01 6.503625446585e+06 7.939611489975e+06
1.025390625000e-01 6.485957415340e+06 7.918045680999e+06
1.029296875000e-01 6.468192465896e+06 7.896361674036e+06
1.033203125000e-01 6.450329257164e+06 7.874557794848e+06
1.037109375000e-01 6.432366418106e+06 7.852632411467e+06
1.041015625000e-01 6.414302546803e+06 7.830583765496e+06
1.044921875000e-01 6.396136209493e+06 7.808410147879e+06
1.048828125000e-01 6.377865939569e+06 7.786109716520e+06
1.052734375000e-01 6.359490236530e+06 7.763680678567e+06
1.056640625000e-01 6.341007564898e+06 7.741121109993e+06
1.060546875000e-01 6.322416353083e+06 7.718429127071e+06
1.064453125000e-01 6.303714992204e+06 7.695602725506e+06
1.068359375000e-01 6.284901834866e+06 7.672639922814e+06
1.072265625000e-01 6.265975193873e+06 7.649538634096e+06
1.076171875000e-01 6.246933340895e+06 7.626296769538e+06
1.080078125000e-01 6.227774505081e+06 7.602912159687e+06
1.083984375000e-01 6.208496871601e+06 7.579382598767e+06
1.087890625000e-01 6.189098580130e+06 7.555705824446e+06
1.091796875000e-01 6.169577723269e+06 7.531879507137e+06
1.095703125000e-01 6.149932344886e+06 7.507901279335e+06
1.099609375000e-01 6.130160438392e+06 7.483768681132e+06
1.103515625000e-01 6.110259944924e+06 7.459479224934e+06
1.107421875000e-01 6.090228751468e+06 7.435030315313e+06
1.111328125000e-01 6.070064688869e+06 7.410419328735e+06
1.115234375000e-01 6.049765529763e+06 7.385643529639e+06
1.119140625000e-01 6.029328986408e+06 7.360700143195e+06
1.123046875000e-01 6.008752708408e+06 7.335586288505e+06
1.126953125000e-01 5.988034280328e+06 7.310299025225e+06
1.130859375000e-01 5.967171219195e+06 7.284835320057e+06
1.134765625000e-01 5.946160971867e+06 7.259192053951e+06
1.138671875000e-01 5.925000912280e+06 7.233366031254e+06
1.142578125000e-01 5.903688338546e+06 7.207353941334e+06
1.146484375000e-01 5.882220469921e+06 7.181152412835e+06
1.150390625000e-01 5.860594443584e+06 7.154757930080e+06
1.154296875000e-01 5.838807311288e+06 7.128166929193e+06
1.158203125000e-01 5.816856035800e+06 7.101375674744e+06
1.162109375000e-01 5.794737487170e+06 7.074380390313e+06
1.166015625000e-01 5.772448438798e+06 7.047177104236e+06
1.169921875000e-01 5.749985563264e+06 7.019761804846e+06
1.173828125000e-01 5.727345427969e+06 6.992130265929e+06
1.177734375000e-01 5.704524490481e+06 6.964278215133e+06
1.181640625000e-01 5.681519093660e+06 6.936201151568e+06
1.185546875000e-01 5.658325460476e+06 6.907894514747e+06
1.189453125000e-01 5.634939688544e+06 6.879353506161e+06
1.193359375000e-01 5.611357744306e+06 6.850573247460e+06
1.197265625000e-01 5.587575456921e+06 6.821548617459e+06
1.201171875000e-01 5.563588511736e+06 6.792274387244e+06
1.205078125000e-01 5.539392443366e+06 6.762745083544e+06
1.208984375000e-01 5.514982628368e+06 6.732955092595e+06
1.212890625000e-01 5.490354277444e+06 6.702898554931e+06
1.216796875000e-01 5.465502427134e+06 6.672569432951e+06
1.220703125000e-01 5.440421930977e+06 6.641961442052e+06
1.224609375000e-01 5.415107450110e+06 6.611068078801e+06
1.228515625000e-01 5.389553443232e+06 6.579882586318e+06
1.232421875000e-01 5.363754155893e+06 6.548397947988e+06
1.236328125000e-01 5.337703609050e+06 6.516606881845e+06
1.240234375000e-01 5.311395586803e+06 6.484501803743e+06
1.244140625000e-01 5.284823623320e+06 6.452074844189e+06
1.248046875000e-01 5.257980988798e+06 6.419317790450e+06
1.251953125000e-01 5.230860674396e+06 6.386222114917e+06
1.255859375000e-01 5.203455376066e+06 6.352778904004e+06
1.259765625000e-01 5.175757477176e+06 6.318978890613e+06
1.263671875000e-01 5.147759029806e+06 6.284812378002e+06
1.267578125000e-01 5.119451734574e+06 6.250269266052e+06
1.271484375000e-01 5.090826918906e+06 6.215338976587e+06
1.275390625000e-01 5.061875513561e+06 6.180010469658e+06
1.279296875000e-01 5.032588027229e+06 6.144272172143e+06
1.283203125000e-01 5.002954519012e+06 6.108111977178e+06
1.287109375000e-01 4.972964568606e+06 6.071517186835e+06
1.291015625000e-01 4.942607243912e+06 6.034474484197e+06
1.294921875000e-01 4.911871065782e+06 5.996969864484e+06
1.298828125000e-01 4.880743969638e+06 5.958988655375e+06
1.302734375000e-01 4.849213263588e+06 5.920515417857e+06
1.306640625000e-01 4.817265582661e+06 5.881533797343e+06
1.310546875000e-01 4.784886838671e+06 5.842026632367e+06
1.314453125000e-01 4.752062165240e+06 5.801975966245e+06
1.318359375000e-01 4.718775857452e+06 5.761362611869e+06
1.322265625000e-01 4.685011305366e+06 5.720166116351e+06
1.326171875000e-01 4.650750920528e+06 5.678365252643e+06
1.330078125000e-01 4.615976054945e+06 5.635937555845e+06
1.333984375000e-01 4.580666911300e+06 5.592858603627e+06
1.337890625000e-01 4.544802443032e+06 5.549102554664e+06
1.341796875000e-01 4.508360243097e+06 5.504642535997e+06
1.345703125000e-01 4.471316420167e+06 5.459449585073e+06
1.349609375000e-01 4.433645459933e+06 5.413492231918e+06
1.353515625000e-01 4.395320069202e+06 5.366737197949e+06
1.357421875000e-01 4.356311000600e+06 5.319149208798e+06
1.361328125000e-01 4.316586854725e+06 5.270690050135e+06
1.365234375000e-01 4.276113856157e+06 5.221318425222e+06
1.369140625000e-01 4.234855598575e+06 5.170990048134e+06
1.373046875000e-01 4.192772754162e+06 5.119657078444e+06
1.376953125000e-01 4.149822740932e+06 5.067267622541e+06
1.380859375000e-01 4.105959340102e+06 5.013765604622e+06
1.384765625000e-01 4.061132254710e+06 4.959089929927e+06
1.388671875000e-01 4.015286597006e+06 4.903173397655e+06
1.392578125000e-01 3.968362290725e+06 4.845942719700e+06
1.396484375000e-01 3.920293370890e+06 4.787318246910e+06
1.400390625000e-01 3.871007159262e+06 4.727211786056e+06
1.404296875000e-01 3.820423286936e+06 4.665524874663e+06
1.408203125000e-01 3.768452526741e+06 4.602148779442e+06
1.412109375000e-01 3.714995389035e+06 4.536963245986e+06
1.416015625000e-01 3.659940424659e+06 4.469833170615e+06
1.419921875000e-01 3.603162152302e+06 4.400605539979e+06
1.423828125000e-01 3.544518505128e+06 4.329107204987e+06
1.427734375000e-01 3.483847650739e+06 4.255141832380e+06
1.431640625000e-01 3.420963995100e+06 4.178484617507e+06
1.435546875000e-01 3.355653099263e+06 4.098874893222e+06
1.439453125000e-01 3.287665124895e+06 4.016008299371e+06
1.443359375000e-01 3.216706242064e+06 3.929527817495e+06
1.447265625000e-01 3.142427204008e+06 3.839009955137e+06
1.451171875000e-01 3.064407858056e+06 3.743944559348e+06
1.455078125000e-01 2.982135681353e+06 3.643708414817e+06
1.458984375000e-01 2.894975268844e+06 3.537529180237e+06
1.462890625000e-01 2.802123749161e+06 3.424431377545e+06
1.466796875000e-01 2.702543359987e+06 3.303153046362e+06
1.470703125000e-01 2.594855160688e+06 3.172014712295e+06
1.474609375000e-01 2.477163150484e+06 3.028701752515e+06
1.478515625000e-01 2.346744753488e+06 2.869876115712e+06
1.482421875000e-01 2.199461702409e+06 2.690424936169e+06
1.486328125000e-01 2.028520554905e+06 2.481826864869e+06
1.490234375000e-01 1.821497343120e+06 2.227975357498e+06
1.494140625000e-01 1.552003402140e+06 1.892034076884e+06
1.498046875000e-01 1.159009624895e+06 1.382932666692e+06
1.501953125000e-01 6.101385373975e+05 7.128404961709e+05
1.505859375000e-01 1.585309622611e+05 1.886985804253e+05
1.509765625000e-01 1.355848014670e+04 1.505026158034e+04
1.513671875000e-01 1.160451869339e+04 1.160451862874e+04
1.517578125000e-01 1.160451812155e+04 1.160451812155e+04
1.521484375000e-01 1.160451812155e+04 1.160451812155e+04
1.525390625000e-01 1.160451812155e+04 1.160451812155e+04
1.529296875000e-01 1.160451812155e+04 1.160451812155e+04
1.533203125000e-01 1.160451812155e+04 1.160451812155e+04
1.537109375000e-01 1.160451812155e+04 1.160451812155e+04
1.541015625000e-01 1.160451812155e+04 1.160451812155e+04
1.544921875000e-01 1.160451812155e+04 1.160451812155e+04
1.548828125000e-01 1.160451812155e+04 1.160451812155e+04
1.552734375000e-01 1.160451812155e+04 1.160451812155e+04
1.556640625000e-01 1.160451812155e+04 1.160451812155e+04
1.560546875000e-01 1.160451812155e+04 1.160451812155e+04
1.564453125000e-01 1.160451812155e+04 1.160451812155e+04
1.568359375000e-01 1.160451812155e+04 1.160451812155e+04
1.572265625000e-01 1.160451812155e+04 1.160451812155e+04
1.576171875000e-01 1.160451812155e+04 1.160451812155e+04
1.580078125000e-01 1.160451812155e+04 1.160451812155e+04
1.583984375000e-01 1.160451812155e+04 1.160451812155e+04
1.587890625000e-01 1.160451812155e+04 1.160451812155e+04
1.591796875000e-01 1.160451812155e+04 1.160451812155e+04
1.595703125000e-01 1.160451812155e+04 1.160451812155e+04
1.599609375000e-01 1.160451812155e+04 1.160451812155e+04
1.603515625000e-01 1.160451812155e+04 1.160451812155e+04
1.607421875000e-01 1.160451812155e+04 1.160451812155e+04
1.611328125000e-01 1.160451812155e+04 1.160451812155e+04
1.615234375000e-01 1.160451812155e+04 1.160451812155e+04
1.619140625000e-01 1.160451812155e+04 1.160451812155e+04
1.623046875000e-01 1.160451812155e+04 1.160451812155e+04
1.626953125000e-01 1.160451812155e+04 1.160451812155e+04
1.630859375000e-01 1.160451812155e+04 1.160451812155e+04
1.634765625000e-01 1.160451812155e+04 1.160451812155e+04
1.638671875000e-01 1.160451812155e+04 1.160451812155e+04
1.642578125000e-01 1.160451812155e+04 1.160451812155e+04
1.646484375000e-01 1.160451812155e+04 1.160451812155e+04
1.650390625000e-01 1.160451812155e+04 1.160451812155e+04
1.654296875000e-01 1.160451812155e+04 1.160451812155e+04
1.658203125000e-01 1.160451812155e+04 1.160451812155e+04
1.662109375000e-01 1.160451812155e+04 1.160451812155e+04
1.666015625000e-01 1.160451812155e+04 1.160451812155e+04
1.669921875000e-01 1.160451812155e+04 1.160451812155e+04
1.673828125000e-01 1.160451812155e+04 1.160451812155e+04
1.677734375000e-01 1.160451812155e+04 1.160451812155e+04
1.681640625000e-01 1.160451812155e+04 1.160451812155e+04
1.685546875000e-01 1.160451812155e+04 1.160451812155e+04
1.689453125000e-01 1.160451812155e+04 1.160451812155e+04
1.693359375000e-01 1.160451812155e+04 1.160451812155e+04
1.697265625000e-01 1.160451812155e+04 1.160451812155e+04
1.701171875000e-01 1.160451812155e+04 1.160451812155e+04
1.705078125000e-01 1.160451812155e+04 1.160451812155e+04
1.708984375000e-01 1.160451812155e+04 1.160451812155e+04
1.712890625000e-01 1.160451812155e+04 1.160451812155e+04
1.716796875000e-01 1.160451812155e+04 1.160451812155e+04
1.720703125000e-01 1.160451812155e+04 1.160451812155e+04
1.724609375000e-01 1.160451812155e+04 1.160451812155e+04
1.728515625000e-01 1.160451812155e+04 1.160451812155e+04
1.732421875000e-01 1.160451812155e+04 1.160451812155e+04
1.736328125000e-01 1.160451812155e+04 1.160451812155e+04
1.740234375000e-01 1.160451812155e+04 1.160451812155e+04
1.744140625000e-01 1.160451812155e+04 1.160451812155e+04
1.748046875000e-01 1.160451812155e+04 1.160451812155e+04
1.751953125000e-01 1.160451812155e+04 1.160451812155e+04
1.755859375000e-01 1.160451812155e+04 1.160451812155e+04
1.759765625000e-01 1.160451812155e+04 1.160451812155e+04
1.763671875000e-01 1.160451812155e+04 1.160451812155e+04
1.767578125000e-01 1.160451812155e+04 1.160451812155e+04
1.771484375000e-01 1.160451812155e+04 1.160451812155e+04
1.775390625000e-01 1.160451812155e+04 1.160451812155e+04
1.779296875000e-01 1.160451812155e+04 1.160451812155e+04
1.783203125000e-01 1.160451812155e+04 1.160451812155e+04
1.787109375000e-01 1.160451812155e+04 1.160451812155e+04
1.791015625000e-01 1.160451812155e+04 1.160451812155e+04
1.794921875000e-01 1.160451812155e+04 1.160451812155e+04
1.798828125000e-01 1.160451812155e+04 1.160451812155e+04
1.802734375000e-01 1.160451812155e+04 1.160451812155e+04
1.806640625000e-01 1.160451812155e+04 1.160451812155e+04
1.810546875000e-01 1.160451812155e+04 1.160451812155e+04
1.814453125000e-01 1.160451812155e+04 1.160451812155e+04
1.818359375000e-01 1.160451812155e+04 1.160451812155e+04
1.822265625000e-01 1.160451812155e+04 1.160451812155e+04
1.826171875000e-01 1.160451812155e+04 1.160451812155e+04
1.830078125000e-01 1.160451812155e+04 1.160451812155e+04
1.833984375000e-01 1.160451812155e+04 1.160451812155e+04
1.837890625000e-01 1.160451812155e+04 1.160451812155e+04
1.841796875000e-01 1.160451812155e+04 1.160451812155e+04
1.845703125000e-01 1.160451812155e+04 1.160451812155e+04
1.849609375000e-01 1.160451812155e+04 1.160451812155e+04
1.853515625000e-01 1.160451812155e+04 1.160451812155e+04
1.857421875000e-01 1.160451812155e+04 1.160451812155e+04
1.861328125000e-01 1.160451812155e+04 1.160451812155e+04
1.865234375000e-01 1.160451812155e+04 1.160451812155e+04
1.869140625000e-01 1.160451812155e+04 1.160451812155e+04
1.873046875000e-01 1.160451812155e+04 1.160451812155e+04
1.876953125000e-01 1.160451812155e+04 1.160451812155e+04
1.880859375000e-01 1.160451812155e+04 1.160451812155e+04
1.884765625000e-01 1.160451812155e+04 1.160451812155e+04
1.888671875000e-01 1.160451812155e+04 1.160451812155e+04
1.892578125000e-01 1.160451812155e+04 1.160451812155e+04
1.896484375000e-01 1.160451812155e+04 1.160451812155e+04
1.900390625000e-01 1.160451812155e+04 1.160451812155e+04
1.904296875000e-01 1.160451812155e+04 1.160451812155e+04
1.908203125000e-01 1.160451812155e+04 1.160451812155e+04
1.912109375000e-01 1.160451812155e+04 1.160451812155e+04
1.916015625000e-01 1.160451812155e+04 1.160451812155e+04
1.919921875000e-01 1.160451812155e+04 1.160451812155e+04
1.923828125000e-01 1.160451812155e+04 1.160451812155e+04
1.927734375000e-01 1.160451812155e+04 1.160451812155e+04
1.931640625000e-01 1.160451812155e+04 1.160451812155e+04
1.935546875000e-01 1.160451812155e+04 1.160451812155e+04
1.939453125000e-01 1.160451812155e+04 1.160451812155e+04
1.943359375000e-01 1.160451812155e+04 1.160451812155e+04
1.947265625000e-01 1.160451812155e+04 1.160451812155e+04
1.951171875000e-01 1.160451812155e+04 1.160451812155e+04
1.955078125000e-01 1.160451812155e+04 1.160451812155e+04
1.958984375000e-01 1.160451812155e+04 1.160451812155e+04
1.962890625000e-01 1.160451812155e+04 1.160451812155e+04
1.966796875000e-01 1.160451812155e+04 1.160451812155e+04
1.970703125000e-01 1.160451812155e+04 1.160451812155e+04
1.974609375000e-01 1.160451812155e+04 1.160451812155e+04
1.978515625000e-01 1.160451812155e+04 1.160451812155e+04
1.982421875000e-01 1.160451812155e+04 1.160451812155e+04
1.986328125000e-01 1.160451812155e+04 1.160451812155e+04
1.990234375000e-01 1.160451812155e+04 1.160451812155e+04
1.994140625000e-01 1.160451812155e+04 1.160451812155e+04
1.998046875000e-01 1.160451812155e+04 1.160451812155e+04
