1.953125000000e-04 1.159247929707e+07 1.160255110662e+07
5.859375000000e-04 1.158233601011e+07 1.159222459860e+07
9.765625000000e-04 1.157217480585e+07 1.158206578459e+07
1.367187500000e-03 1.156199560765e+07 1.157194457582e+07
1.757812500000e-03 1.155179836085e+07 1.156179614897e+07
2.148437500000e-03 1.154158300681e+07 1.155167366345e+07
2.539062500000e-03 1.153134950464e+07 1.154152108180e+07
2.929687500000e-03 1.152109780588e+07 1.153137266590e+07
3.320312500000e-03 1.151082787580e+07 1.152119129299e+07
3.710937500000e-03 1.150053966908e+07 1.151098646416e+07
4.101562500000e-03 1.149023314378e+07 1.150074783111e+07
4.492187500000e-03 1.147990824856e+07 1.149046355329e+07
4.882812500000e-03 1.146956491857e+07 1.148014706386e+07
5.273437500000e-03 1.145920308655e+07 1.146977283621e+07
5.664062500000e-03 1.144882265897e+07 1.145936776607e+07
6.054687500000e-03 1.143842354553e+07 1.144890448820e+07
6.445312500000e-03 1.142800563269e+07 1.143841305089e+07
6.835937500000e-03 1.141756880602e+07 1.142787435447e+07
7.226562500000e-03 1.140711293906e+07 1.141731300339e+07
7.617187500000e-03 1.139663789977e+07 1.140672143815e+07
8.007812500000e-03 1.138614354991e+07 1.139611375611e+07
8.398437500000e-03 1.137562975032e+07 1.138549250332e+07
8.789062500000e-03 1.136509635926e+07 1.137486081256e+07
9.179687500000e-03 1.135454324253e+07 1.136422896998e+07
9.570312500000e-03 1.134397027154e+07 1.135359017059e+07
9.960937500000e-03 1.133337732342e+07 1.134296167727e+07
1.035156250000e-02 1.132276429342e+07 1.133232340528e+07
1.074218750000e-02 1.131213106888e+07 1.132170330350e+07
1.113281250000e-02 1.130147756492e+07 1.131106049858e+07
1.152343750000e-02 1.129080367939e+07 1.130044380914e+07
1.191406250000e-02 1.128010934179e+07 1.128978372600e+07
1.230468750000e-02 1.126939446320e+07 1.127916097637e+07
1.269531250000e-02 1.125865898736e+07 1.126846914360e+07
1.308593750000e-02 1.124790283497e+07 1.125782771283e+07
1.347656250000e-02 1.123712595984e+07 1.124708863876e+07
1.386718750000e-02 1.122632827759e+07 1.123641532739e+07
1.425781250000e-02 1.121550974507e+07 1.122561856982e+07
1.464843750000e-02 1.120467026462e+07 1.121490612806e+07
1.503906250000e-02 1.119380979309e+07 1.120404831739e+07
1.542968750000e-02 1.118292822602e+07 1.119329183701e+07
1.582031250000e-02 1.117202551935e+07 1.118237245150e+07
1.621093750000e-02 1.116110156218e+07 1.117156787605e+07
1.660156250000e-02 1.115015630548e+07 1.116059013152e+07
1.699218750000e-02 1.113918962571e+07 1.114973580915e+07
1.738281250000e-02 1.112820146965e+07 1.113870336075e+07
1.777343750000e-02 1.111719170170e+07 1.112779577773e+07
1.816406250000e-02 1.110616026850e+07 1.111670898269e+07
1.855468750000e-02 1.109510703024e+07 1.110574252823e+07
1.894531250000e-02 1.108403192561e+07 1.109459955086e+07
1.933593750000e-02 1.107293481189e+07 1.108356705055e+07
1.972656250000e-02 1.106181561031e+07 1.107236466880e+07
2.011718750000e-02 1.105067416807e+07 1.106125801906e+07
2.050781250000e-02 1.103951038911e+07 1.104999406581e+07
2.089843750000e-02 1.102832410945e+07 1.103880773007e+07
2.128906250000e-02 1.101711521956e+07 1.102748369587e+07
2.167968750000e-02 1.100588354613e+07 1.101621767955e+07
2.207031250000e-02 1.099462896199e+07 1.100484014035e+07
2.246093750000e-02 1.098335128570e+07 1.099350245682e+07
2.285156250000e-02 1.097205036752e+07 1.098208373474e+07
2.324218750000e-02 1.096072602367e+07 1.097069079189e+07
2.363281250000e-02 1.094937809325e+07 1.095924719623e+07
2.402343750000e-02 1.093800640138e+07 1.094781994375e+07
2.441406250000e-02 1.092661079308e+07 1.093636780758e+07
2.480468750000e-02 1.091519111183e+07 1.092492574159e+07
2.519531250000e-02 1.090374721738e+07 1.091347762374e+07
2.558593750000e-02 1.089227897502e+07 1.090203295406e+07
2.597656250000e-02 1.088078626246e+07 1.089059357821e+07
2.636718750000e-02 1.086926897012e+07 1.087914627989e+07
2.675781250000e-02 1.085772699610e+07 1.086770892083e+07
2.714843750000e-02 1.084616025896e+07 1.085624565132e+07
2.753906250000e-02 1.083456867446e+07 1.084479206543e+07
2.792968750000e-02 1.082295218223e+07 1.083328982526e+07
2.832031250000e-02 1.081131070259e+07 1.082179328339e+07
2.871093750000e-02 1.079964417873e+07 1.081022469373e+07
2.910156250000e-02 1.078795252070e+07 1.079865506517e+07
2.949218750000e-02 1.077623565849e+07 1.078699483892e+07
2.988281250000e-02 1.076449348236e+07 1.077532658333e+07
3.027343750000e-02 1.075272589605e+07 1.076355907595e+07
3.066406250000e-02 1.074093276183e+07 1.075177893757e+07
3.105468750000e-02 1.072911394737e+07 1.073990268653e+07
3.144531250000e-02 1.071726928153e+07 1.072801242321e+07
3.183593750000e-02 1.070539859519e+07 1.071603990266e+07
3.222656250000e-02 1.069350168824e+07 1.070405477077e+07
3.261718750000e-02 1.068157836470e+07 1.069200925936e+07
3.300781250000e-02 1.066962840834e+07 1.067995405603e+07
3.339843750000e-02 1.065765161006e+07 1.066786368731e+07
3.378906250000e-02 1.064564775235e+07 1.065576585881e+07
3.417968750000e-02 1.063361662607e+07 1.064365535635e+07
3.457031250000e-02 1.062155802657e+07 1.063153705751e+07
3.496093750000e-02 1.060947175752e+07 1.061942119789e+07
3.535156250000e-02 1.059735763831e+07 1.060729401231e+07
3.574218750000e-02 1.058521549498e+07 1.059517542394e+07
3.613281250000e-02 1.057304517479e+07 1.058303861524e+07
3.652343750000e-02 1.056084652765e+07 1.057090878135e+07
3.691406250000e-02 1.054861942388e+07 1.055875024822e+07
3.730468750000e-02 1.053636373096e+07 1.054659242842e+07
3.769531250000e-02 1.052407933320e+07 1.053439227673e+07
3.808593750000e-02 1.051176610520e+07 1.052218608644e+07
3.847656250000e-02 1.049942393588e+07 1.050992244506e+07
3.886718750000e-02 1.048705269475e+07 1.049764930214e+07
3.925781250000e-02 1.047465226582e+07 1.048530443032e+07
3.964843750000e-02 1.046222250174e+07 1.047295163865e+07
4.003906250000e-02 1.044976327336e+07 1.046051546146e+07
4.042968750000e-02 1.043727440961e+07 1.044807713331e+07
4.082031250000e-02 1.042475576370e+07 1.043554753190e+07
4.121093750000e-02 1.041220714121e+07 1.042302366321e+07
4.160156250000e-02 1.039962837707e+07 1.041040545161e+07
4.199218750000e-02 1.038701925798e+07 1.039780078517e+07
4.238281250000e-02 1.037437960226e+07 1.038510354540e+07
4.277343750000e-02 1.036170918322e+07 1.037242518709e+07
4.316406250000e-02 1.034900780672e+07 1.035965926635e+07
4.355468750000e-02 1.033627523824e+07 1.034691358057e+07
4.394531250000e-02 1.032351127666e+07 1.033408696855e+07
4.433593750000e-02 1.031071568411e+07 1.032127864769e+07
4.472656250000e-02 1.029788825634e+07 1.030839672161e+07
4.511718750000e-02 1.028502875545e+07 1.029552932487e+07
4.550781250000e-02 1.027213697571e+07 1.028259500423e+07
4.589843750000e-02 1.025921268201e+07 1.026967034248e+07
4.628906250000e-02 1.024625566771e+07 1.025668363503e+07
4.667968750000e-02 1.023326570213e+07 1.024370134678e+07
4.707031250000e-02 1.022024257761e+07 1.023066039839e+07
4.746093750000e-02 1.020718606744e+07 1.021761929175e+07
4.785156250000e-02 1.019409596319e+07 1.020452220677e+07
4.824218750000e-02 1.018097204071e+07 1.019142116292e+07
4.863281250000e-02 1.016781409176e+07 1.017826610511e+07
4.902343750000e-02 1.015462189342e+07 1.016510354553e+07
4.941406250000e-02 1.014139523808e+07 1.015188811773e+07
4.980468750000e-02 1.012813390278e+07 1.013866198398e+07
5.019531250000e-02 1.011483767966e+07 1.012538355039e+07
5.058593750000e-02 1.010150634482e+07 1.011209186735e+07
5.097656250000e-02 1.008813968877e+07 1.009874766111e+07
5.136718750000e-02 1.007473748580e+07 1.008538818196e+07
5.175781250000e-02 1.006129952337e+07 1.007197462076e+07
5.214843750000e-02 1.004782557230e+07 1.005854421454e+07
5.253906250000e-02 1.003431541543e+07 1.004505689446e+07
5.292968750000e-02 1.002076881751e+07 1.003155185575e+07
5.332031250000e-02 1.000718555510e+07 1.001798643219e+07
5.371093750000e-02 9.993565384342e+06 1.000440296494e+07
5.410156250000e-02 9.979908073458e+06 9.990755688493e+06
5.449218750000e-02 9.966213368099e+06 9.977089987781e+06
5.488281250000e-02 9.952481025478e+06 9.963357881929e+06
5.527343750000e-02 9.938710779617e+06 9.949606657122e+06
5.566406250000e-02 9.924902374115e+06 9.935788009587e+06
5.605468750000e-02 9.911055530816e+06 9.921949546133e+06
5.644531250000e-02 9.897169978591e+06 9.908044274470e+06
5.683593750000e-02 9.883245426959e+06 9.894118926999e+06
5.722656250000e-02 9.869281591232e+06 9.880128330822e+06
5.761718750000e-02 9.855278168907e+06 9.866118176357e+06
5.800781250000e-02 9.841234864847e+06 9.852044608566e+06
5.839843750000e-02 9.827151365789e+06 9.837952872463e+06
5.878906250000e-02 9.813027370161e+06 9.823799517449e+06
5.917968750000e-02 9.798862556636e+06 9.809629792473e+06
5.957031250000e-02 9.784656620950e+06 9.795399958900e+06
5.996093750000e-02 9.770409237469e+06 9.781155107464e+06
6.035156250000e-02 9.756120101871e+06 9.766851117070e+06
6.074218750000e-02 9.741788887779e+06 9.752532402695e+06
6.113281250000e-02 9.727415292036e+06 9.738154790006e+06
6.152343750000e-02 9.712998989530e+06 9.723761529148e+06
6.191406250000e-02 9.698539678066e+06 9.709308709234e+06
6.230468750000e-02 9.684037033547e+06 9.694838201637e+06
6.269531250000e-02 9.669490753177e+06 9.680306497505e+06
6.308593750000e-02 9.654900511643e+06 9.665754319875e+06
6.347656250000e-02 9.640266002789e+06 9.651138476760e+06
6.386718750000e-02 9.625586896617e+06 9.636499327001e+06
6.425781250000e-02 9.610862880061e+06 9.621793386226e+06
6.464843750000e-02 9.596093614448e+06 9.607062159501e+06
6.503906250000e-02 9.581278776328e+06 9.592260364852e+06
6.542968750000e-02 9.566418014450e+06 9.577433044641e+06
6.582031250000e-02 9.551510992606e+06 9.562530686697e+06
6.621093750000e-02 9.536557343674e+06 9.547604828158e+06
6.660156250000e-02 9.521556717885e+06 9.532598913679e+06
6.699218750000e-02 9.506508730004e+06 9.517573573368e+06
6.738281250000e-02 9.491413017138e+06 9.502463086948e+06
6.777343750000e-02 9.476269175237e+06 9.487338316265e+06
6.816406250000e-02 9.461076829295e+06 9.472123999985e+06
6.855468750000e-02 9.445835557588e+06 9.456900221987e+06
6.894531250000e-02 9.430544974016e+06 9.441583920119e+06
6.933593750000e-02 9.415204641816e+06 9.426261379732e+06
6.972656250000e-02 9.399814164437e+06 9.410845119677e+06
7.011718750000e-02 9.384373093296e+06 9.395423520056e+06
7.050781250000e-02 9.368881021681e+06 9.379908696515e+06
7.089843750000e-02 9.353337492050e+06 9.364387084511e+06
7.128906250000e-02 9.337742087654e+06 9.348773999526e+06
7.167968750000e-02 9.322094343877e+06 9.333150798524e+06
7.207031250000e-02 9.306393833859e+06 9.317438558194e+06
7.246093750000e-02 9.290640086570e+06 9.301711675085e+06
7.285156250000e-02 9.274832664576e+06 9.285898396427e+06
7.324218750000e-02 9.258971090046e+06 9.270065419082e+06
7.363281250000e-02 9.243054914099e+06 9.254148618266e+06
7.402343750000e-02 9.227083651095e+06 9.238207000625e+06
7.441406250000e-02 9.211056839555e+06 9.222183951167e+06
7.480468750000e-02 9.194973984712e+06 9.206131080025e+06
7.519531250000e-02 9.178834611224e+06 9.189999075156e+06
7.558593750000e-02 9.162638213814e+06 9.173832268899e+06
7.597656250000e-02 9.146384302050e+06 9.157588796200e+06
7.636718750000e-02 9.130072358970e+06 9.141305279221e+06
7.675781250000e-02 9.113701877934e+06 9.124948036262e+06
7.714843750000e-02 9.097272329474e+06 9.108544910984e+06
7.753906250000e-02 9.080783189632e+06 9.092071674011e+06
7.792968750000e-02 9.064233915923e+06 9.075545980614e+06
7.832031250000e-02 9.047623965862e+06 9.058954450549e+06
7.871093750000e-02 9.030952783546e+06 9.042303316290e+06
7.910156250000e-02 9.014219806702e+06 9.025591004668e+06
7.949218750000e-02 8.997424465449e+06 9.008811761936e+06
7.988281250000e-02 8.980566176495e+06 8.991975949579e+06
8.027343750000e-02 8.963644355052e+06 8.975066174765e+06
8.066406250000e-02 8.946658395691e+06 8.958103986850e+06
8.105468750000e-02 8.929607697408e+06 8.941061487204e+06
8.144531250000e-02 8.912491631702e+06 8.923970029679e+06
8.183593750000e-02 8.895309579883e+06 8.906792784428e+06
8.222656250000e-02 8.878060889644e+06 8.889569237387e+06
8.261718750000e-02 8.860744923239e+06 8.872255324592e+06
8.300781250000e-02 8.843361004025e+06 8.854896973701e+06
8.339843750000e-02 8.825908474100e+06 8.837444526510e+06
8.378906250000e-02 8.808386632172e+06 8.819948754625e+06
8.417968750000e-02 8.790794799385e+06 8.802355922398e+06
8.457031250000e-02 8.773132249726e+06 8.784720162101e+06
8.496093750000e-02 8.755398282764e+06 8.766985036145e+06
8.535156250000e-02 8.737592147850e+06 8.749206696152e+06
8.574218750000e-02 8.719713122333e+06 8.731327212469e+06
8.613281250000e-02 8.701760431016e+06 8.713403592400e+06
8.652343750000e-02 8.683733328170e+06 8.695377436183e+06
8.691406250000e-02 8.665631013954e+06 8.677305622080e+06
8.730468750000e-02 8.647452718362e+06 8.659130146694e+06
8.769531250000e-02 8.629197616453e+06 8.640906903016e+06
8.808593750000e-02 8.610864912347e+06 8.622579085448e+06
8.847656250000e-02 8.592453755093e+06 8.604200797690e+06
8.886718750000e-02 8.573963320958e+06 8.585717247582e+06
8.925781250000e-02 8.555392731635e+06 8.567179955933e+06
8.964843750000e-02 8.536741133280e+06 8.548536974163e+06
9.003906250000e-02 8.518007618538e+06 8.529836495139e+06
9.042968750000e-02 8.499191301085e+06 8.511030172709e+06
9.082031250000e-02 8.480291242603e+06 8.492162270261e+06
9.121093750000e-02 8.461306521987e+06 8.473188614005e+06
9.160156250000e-02 8.442236167966e+06 8.454149157973e+06
9.199218750000e-02 8.423079222554e+06 8.435004209568e+06
9.238281250000e-02 8.403834679602e+06 8.415789260890e+06
9.277343750000e-02 8.384501542407e+06 8.396469164255e+06
9.316406250000e-02 8.365078768173e+06 8.377074961021e+06
9.355468750000e-02 8.345565319877e+06 8.357575947797e+06
9.394531250000e-02 8.325960116476e+06 8.337998809090e+06
9.433593750000e-02 8.306262079161e+06 8.318317102213e+06
9.472656250000e-02 8.286470087137e+06 8.298553290001e+06
9.511718750000e-02 8.266583018360e+06 8.278684955622e+06
9.550781250000e-02 8.246599710741e+06 8.258730535805e+06
9.589843750000e-02 8.226518997437e+06 8.238671332378e+06
9.628906250000e-02 8.206339673306e+06 8.218522065304e+06
9.667968750000e-02 8.186060524906e+06 8.198267337327e+06
9.707031250000e-02 8.165680301899e+06 8.177918612987e+06
9.746093750000e-02 8.145197742114e+06 8.157463253323e+06
9.785156250000e-02 8.124611547386e+06 8.136910069091e+06
9.824218750000e-02 8.103920404269e+06 8.116248541901e+06
9.863281250000e-02 8.083122963610e+06 8.095485510700e+06
9.902343750000e-02 8.062217857684e+06 8.074611911128e+06
9.941406250000e-02 8.041203682667e+06 8.053633291275e+06
9.980468750000e-02 8.020079013079e+06 8.032541421012e+06
1.001953125000e-01 7.998842386286e+06 8.011341161701e+06
1.005859375000e-01 7.977492315138e+06 7.990024603363e+06
1.009765625000e-01 7.956027273694e+06 7.968596395213e+06
1.013671875000e-01 7.934445708862e+06 7.947048573335e+06
1.017578125000e-01 7.912746026642e+06 7.925385896154e+06
1.021484375000e-01 7.890926603454e+06 7.903600122712e+06
1.025390625000e-01 7.868985772344e+06 7.881696287457e+06
1.029296875000e-01 7.846921834505e+06 7.859665788250e+06
1.033203125000e-01 7.824733045078e+06 7.837513961602e+06
1.037109375000e-01 7.802417625159e+06 7.815231869337e+06
1.041015625000e-01 7.779973747008e+06 7.792825065682e+06
1.044921875000e-01 7.757399546619e+06 7.770284373114e+06
1.048828125000e-01 7.734693108332e+06 7.747615412989e+06
1.052734375000e-01 7.711852477861e+06 7.724808895577e+06
1.056640625000e-01 7.688875646401e+06 7.701870337564e+06
1.060546875000e-01 7.665760563885e+06 7.678790456901e+06
1.064453125000e-01 7.642505122787e+06 7.655574509279e+06
1.068359375000e-01 7.619107171301e+06 7.632213311125e+06
1.072265625000e-01 7.595564497069e+06 7.608711740444e+06
1.076171875000e-01 7.571874839988e+06 7.585060770906e+06
1.080078125000e-01 7.548035876061e+06 7.561264830998e+06
1.083984375000e-01 7.524045229581e+06 7.537315084727e+06
1.087890625000e-01 7.499900457267e+06 7.513215471093e+06
1.091796875000e-01 7.475599059646e+06 7.488957361330e+06
1.095703125000e-01 7.451138465569e+06 7.464544180298e+06
1.099609375000e-01 7.426516042700e+06 7.439967520548e+06
1.103515625000e-01 7.401729082452e+06 7.415230274473e+06
1.107421875000e-01 7.376774809560e+06 7.390324276149e+06
1.111328125000e-01 7.351650367446e+06 7.365251865172e+06
1.115234375000e-01 7.326352826868e+06 7.340005137106e+06
1.119140625000e-01 7.300879171685e+06 7.314585845715e+06
1.123046875000e-01 7.275226306540e+06 7.288986358680e+06
1.126953125000e-01 7.249391042953e+06 7.263207801691e+06
1.130859375000e-01 7.223370105979e+06 7.237242823173e+06
1.134765625000e-01 7.197160120653e+06 7.211091886205e+06
1.138671875000e-01 7.170757617570e+06 7.184747934191e+06
1.142578125000e-01 7.144159019745e+06 7.158210740856e+06
1.146484375000e-01 7.117360646946e+06 7.131473549448e+06
1.150390625000e-01 7.090358702970e+06 7.104535411689e+06
1.154296875000e-01 7.063149278480e+06 7.077389857316e+06
1.158203125000e-01 7.035728338792e+06 7.050035190273e+06
1.162109375000e-01 7.008091725081e+06 7.022465211117e+06
1.166015625000e-01 6.980235142847e+06 6.994677476439e+06
1.169921875000e-01 6.952154161366e+06 6.966666029586e+06
1.173828125000e-01 6.923844202807e+06 6.938427686650e+06
1.177734375000e-01 6.895300539669e+06 6.909956661189e+06
1.181640625000e-01 6.866518284379e+06 6.881249035815e+06
1.185546875000e-01 6.837492384625e+06 6.852299095595e+06
1.189453125000e-01 6.808217613313e+06 6.823102232485e+06
1.193359375000e-01 6.778688561947e+06 6.793652707458e+06
1.197265625000e-01 6.748899630736e+06 6.763945288539e+06
1.201171875000e-01 6.718845020068e+06 6.733974092044e+06
1.205078125000e-01 6.688518720193e+06 6.703733303557e+06
1.208984375000e-01 6.657914500734e+06 6.673216746810e+06
1.212890625000e-01 6.627025899426e+06 6.642418053993e+06
1.216796875000e-01 6.595846209858e+06 6.611330634806e+06
1.220703125000e-01 6.564368468942e+06 6.579947602421e+06
1.224609375000e-01 6.532585443017e+06 6.548261856745e+06
1.228515625000e-01 6.500489613499e+06 6.516265986389e+06
1.232421875000e-01 6.468073161072e+06 6.483952277852e+06
1.236328125000e-01 6.435327948907e+06 6.451312741677e+06
1.240234375000e-01 6.402245504738e+06 6.418338968915e+06
1.244140625000e-01 6.368817001248e+06 6.385022336239e+06
1.248046875000e-01 6.335033235549e+06 6.351353690491e+06
1.251953125000e-01 6.300884606419e+06 6.317323696435e+06
1.255859375000e-01 6.266361090791e+06 6.282922382610e+06
1.259765625000e-01 6.231452217026e+06 6.248139570406e+06
1.263671875000e-01 6.196147037201e+06 6.212964362927e+06
1.267578125000e-01 6.160434095928e+06 6.177385600354e+06
1.271484375000e-01 6.124301398209e+06 6.141391366042e+06
1.275390625000e-01 6.087736373934e+06 6.104969401468e+06
1.279296875000e-01 6.050725841099e+06 6.068106663347e+06
1.283203125000e-01 6.013255964317e+06 6.030789652664e+06
1.287109375000e-01 5.975312209228e+06 5.993004034192e+06
1.291015625000e-01 5.936879290242e+06 5.954734870759e+06
1.294921875000e-01 5.897941114188e+06 5.915966310244e+06
1.298828125000e-01 5.858480718860e+06 5.876681746207e+06
1.302734375000e-01 5.818480207970e+06 5.836863560676e+06
1.306640625000e-01 5.777920682233e+06 5.796493244869e+06
1.310546875000e-01 5.736782164995e+06 5.755551174163e+06
1.314453125000e-01 5.695043517259e+06 5.714016687990e+06
1.318359375000e-01 5.652682341568e+06 5.671867844188e+06
1.322265625000e-01 5.609674871807e+06 5.629081451132e+06
1.326171875000e-01 5.565995849831e+06 5.585632779456e+06
1.330078125000e-01 5.521618389644e+06 5.541495573732e+06
1.333984375000e-01 5.476513832167e+06 5.496641783864e+06
1.337890625000e-01 5.430651588069e+06 5.451041557784e+06
1.341796875000e-01 5.383998960493e+06 5.404662947960e+06
1.345703125000e-01 5.336520941494e+06 5.357471861690e+06
1.349609375000e-01 5.288179977938e+06 5.309431752794e+06
1.353515625000e-01 5.238935699131e+06 5.260503492543e+06
1.357421875000e-01 5.188744610435e+06 5.210644903583e+06
1.361328125000e-01 5.137559752540e+06 5.159810432849e+06
1.365234375000e-01 5.085330319227e+06 5.107950646307e+06
1.369140625000e-01 5.032001219937e+06 5.055012011170e+06
1.373046875000e-01 4.977512571514e+06 5.000936500841e+06
1.376953125000e-01 4.921799103084e+06 4.945661110509e+06
1.380859375000e-01 4.864789453330e+06 4.889116973965e+06
1.384765625000e-01 4.806405345693e+06 4.831228408665e+06
1.388671875000e-01 4.746560628722e+06 4.771911968127e+06
1.392578125000e-01 4.685160150283e+06 4.711075623717e+06
1.396484375000e-01 4.622098425280e+06 4.648617688662e+06
1.400390625000e-01 4.557258039711e+06 4.584425378571e+06
1.404296875000e-01 4.490507713375e+06 4.518372817038e+06
1.408203125000e-01 4.421699921403e+06 4.450318697872e+06
1.412109375000e-01 4.350667961163e+06 4.380103523659e+06
1.416015625000e-01 4.277222327608e+06 4.307546336230e+06
1.419921875000e-01 4.201146188501e+06 4.232440622615e+06
1.423828125000e-01 4.122189667355e+06 4.154549073373e+06
1.427734375000e-01 4.040062509270e+06 4.073596903102e+06
1.431640625000e-01 3.954424464130e+06 3.989263182662e+06
1.435546875000e-01 3.864872150073e+06 3.901169411656e+06
1.439453125000e-01 3.770918915309e+06 3.808863976189e+06
1.443359375000e-01 3.671953492555e+06 3.711800075576e+06
1.447265625000e-01 3.567163600280e+06 3.609310093057e+06
1.451171875000e-01 3.455718750945e+06 3.500560748864e+06
1.455078125000e-01 3.336472392724e+06 3.384489864129e+06
1.458984375000e-01 3.207884250940e+06 3.259711504744e+06
1.462890625000e-01 3.067857401920e+06 3.124361468371e+06
1.466796875000e-01 2.913416537045e+06 2.975833378431e+06
1.470703125000e-01 2.740110092792e+06 2.810294346111e+06
1.474609375000e-01 2.540816339749e+06 2.621709775757e+06
1.478515625000e-01 2.303223722299e+06 2.399645582597e+06
1.482421875000e-01 2.004624901298e+06 2.123720402623e+06
1.486328125000e-01 1.604561136138e+06 1.749861373962e+06
1.490234375000e-01 1.063157155596e+06 1.206386767700e+06
1.494140625000e-01 4.716554645707e+05 5.537117399234e+05
1.498046875000e-01 9.550111727805e+04 1.139423736429e+05
1.501953125000e-01 1.165279893577e+04 1.170275370020e+04
1.505859375000e-01 1.160451813079e+04 1.160451814060e+04
1.509765625000e-01 1.160451812155e+04 1.160451812155e+04
1.513671875000e-01 1.160451812155e+04 1.160451812155e+04
1.517578125000e-01 1.160451812155e+04 1.160451812155e+04
1.521484375000e-01 1.160451812155e+04 1.160451812155e+04
1.525390625000e-01 1.160451812155e+04 1.160451812155e+04
1.529296875000e-01 1.160451812155e+04 1.160451812155e+04
1.533203125000e-01 1.160451812155e+04 1.160451812155e+04
1.537109375000e-01 1.160451812155e+04 1.160451812155e+04
1.541015625000e-01 1.160451812155e+04 1.160451812155e+04
1.544921875000e-01 1.160451812155e+04 1.160451812155e+04
1.548828125000e-01 1.160451812155e+04 1.160451812155e+04
1.552734375000e-01 1.160451812155e+04 1.160451812155e+04
1.556640625000e-01 1.160451812155e+04 1.160451812155e+04
1.560546875000e-01 1.160451812155e+04 1.160451812155e+04
1.564453125000e-01 1.160451812155e+04 1.160451812155e+04
1.568359375000e-01 1.160451812155e+04 1.160451812155e+04
1.572265625000e-01 1.160451812155e+04 1.160451812155e+04
1.576171875000e-01 1.160451812155e+04 1.160451812155e+04
1.580078125000e-01 1.160451812155e+04 1.160451812155e+04
1.583984375000e-01 1.160451812155e+04 1.160451812155e+04
1.587890625000e-01 1.160451812155e+04 1.160451812155e+04
1.591796875000e-01 1.160451812155e+04 1.160451812155e+04
1.595703125000e-01 1.160451812155e+04 1.160451812155e+04
1.599609375000e-01 1.160451812155e+04 1.160451812155e+04
1.603515625000e-01 1.160451812155e+04 1.160451812155e+04
1.607421875000e-01 1.160451812155e+04 1.160451812155e+04
1.611328125000e-01 1.160451812155e+04 1.160451812155e+04
1.615234375000e-01 1.160451812155e+04 1.160451812155e+04
1.619140625000e-01 1.160451812155e+04 1.160451812155e+04
1.623046875000e-01 1.160451812155e+04 1.160451812155e+04
1.626953125000e-01 1.160451812155e+04 1.160451812155e+04
1.630859375000e-01 1.160451812155e+04 1.160451812155e+04
1.634765625000e-01 1.160451812155e+04 1.160451812155e+04
1.638671875000e-01 1.160451812155e+04 1.160451812155e+04
1.642578125000e-01 1.160451812155e+04 1.160451812155e+04
1.646484375000e-01 1.160451812155e+04 1.160451812155e+04
1.650390625000e-01 1.160451812155e+04 1.160451812155e+04
1.654296875000e-01 1.160451812155e+04 1.160451812155e+04
1.658203125000e-01 1.160451812155e+04 1.160451812155e+04
1.662109375000e-01 1.160451812155e+04 1.160451812155e+04
1.666015625000e-01 1.160451812155e+04 1.160451812155e+04
1.669921875000e-01 1.160451812155e+04 1.160451812155e+04
1.673828125000e-01 1.160451812155e+04 1.160451812155e+04
1.677734375000e-01 1.160451812155e+04 1.160451812155e+04
1.681640625000e-01 1.160451812155e+04 1.160451812155e+04
1.685546875000e-01 1.160451812155e+04 1.160451812155e+04
1.689453125000e-01 1.160451812155e+04 1.160451812155e+04
1.693359375000e-01 1.160451812155e+04 1.160451812155e+04
1.697265625000e-01 1.160451812155e+04 1.160451812155e+04
1.701171875000e-01 1.160451812155e+04 1.160451812155e+04
1.705078125000e-01 1.160451812155e+04 1.160451812155e+04
1.708984375000e-01 1.160451812155e+04 1.160451812155e+04
1.712890625000e-01 1.160451812155e+04 1.160451812155e+04
1.716796875000e-01 1.160451812155e+04 1.160451812155e+04
1.720703125000e-01 1.160451812155e+04 1.160451812155e+04
1.724609375000e-01 1.160451812155e+04 1.160451812155e+04
1.728515625000e-01 1.160451812155e+04 1.160451812155e+04
1.732421875000e-01 1.160451812155e+04 1.160451812155e+04
1.736328125000e-01 1.160451812155e+04 1.160451812155e+04
1.740234375000e-01 1.160451812155e+04 1.160451812155e+04
1.744140625000e-01 1.160451812155e+04 1.160451812155e+04
1.748046875000e-01 1.160451812155e+04 1.160451812155e+04
1.751953125000e-01 1.160451812155e+04 1.160451812155e+04
1.755859375000e-01 1.160451812155e+04 1.160451812155e+04
1.759765625000e-01 1.160451812155e+04 1.160451812155e+04
1.763671875000e-01 1.160451812155e+04 1.160451812155e+04
1.767578125000e-01 1.160451812155e+04 1.160451812155e+04
1.771484375000e-01 1.160451812155e+04 1.160451812155e+04
1.775390625000e-01 1.160451812155e+04 1.160451812155e+04
1.779296875000e-01 1.160451812155e+04 1.160451812155e+04
1.783203125000e-01 1.160451812155e+04 1.160451812155e+04
1.787109375000e-01 1.160451812155e+04 1.160451812155e+04
1.791015625000e-01 1.160451812155e+04 1.160451812155e+04
1.794921875000e-01 1.160451812155e+04 1.160451812155e+04
1.798828125000e-01 1.160451812155e+04 1.160451812155e+04
1.802734375000e-01 1.160451812155e+04 1.160451812155e+04
1.806640625000e-01 1.160451812155e+04 1.160451812155e+04
1.810546875000e-01 1.160451812155e+04 1.160451812155e+04
1.814453125000e-01 1.160451812155e+04 1.160451812155e+04
1.818359375000e-01 1.160451812155e+04 1.160451812155e+04
1.822265625000e-01 1.160451812155e+04 1.160451812155e+04
1.826171875000e-01 1.160451812155e+04 1.160451812155e+04
1.830078125000e-01 1.160451812155e+04 1.160451812155e+04
1.833984375000e-01 1.160451812155e+04 1.160451812155e+04
1.837890625000e-01 1.160451812155e+04 1.160451812155e+04
1.841796875000e-01 1.160451812155e+04 1.160451812155e+04
1.845703125000e-01 1.160451812155e+04 1.160451812155e+04
1.849609375000e-01 1.160451812155e+04 1.160451812155e+04
1.853515625000e-01 1.160451812155e+04 1.160451812155e+04
1.857421875000e-01 1.160451812155e+04 1.160451812155e+04
1.861328125000e-01 1.160451812155e+04 1.160451812155e+04
1.865234375000e-01 1.160451812155e+04 1.160451812155e+04
1.869140625000e-01 1.160451812155e+04 1.160451812155e+04
1.873046875000e-01 1.160451812155e+04 1.160451812155e+04
1.876953125000e-01 1.160451812155e+04 1.160451812155e+04
1.880859375000e-01 1.160451812155e+04 1.160451812155e+04
1.884765625000e-01 1.160451812155e+04 1.160451812155e+04
1.888671875000e-01 1.160451812155e+04 1.160451812155e+04
1.892578125000e-01 1.160451812155e+04 1.160451812155e+04
1.896484375000e-01 1.160451812155e+04 1.160451812155e+04
1.900390625000e-01 1.160451812155e+04 1.160451812155e+04
1.904296875000e-01 1.160451812155e+04 1.160451812155e+04
1.908203125000e-01 1.160451812155e+04 1.160451812155e+04
1.912109375000e-01 1.160451812155e+04 1.160451812155e+04
1.916015625000e-01 1.160451812155e+04 1.160451812155e+04
1.919921875000e-01 1.160451812155e+04 1.160451812155e+04
1.923828125000e-01 1.160451812155e+04 1.160451812155e+04
1.927734375000e-01 1.160451812155e+04 1.160451812155e+04
1.931640625000e-01 1.160451812155e+04 1.160451812155e+04
1.935546875000e-01 1.160451812155e+04 1.160451812155e+04
1.939453125000e-01 1.160451812155e+04 1.160451812155e+04
1.943359375000e-01 1.160451812155e+04 1.160451812155e+04
1.947265625000e-01 1.160451812155e+04 1.160451812155e+04
1.951171875000e-01 1.160451812155e+04 1.160451812155e+04
1.955078125000e-01 1.160451812155e+04 1.160451812155e+04
1.958984375000e-01 1.160451812155e+04 1.160451812155e+04
1.962890625000e-01 1.160451812155e+04 1.160451812155e+04
1.966796875000e-01 1.160451812155e+04 1.160451812155e+04
1.970703125000e-01 1.160451812155e+04 1.160451812155e+04
1.974609375000e-01 1.160451812155e+04 1.160451812155e+04
1.978515625000e-01 1.160451812155e+04 1.160451812155e+04
1.982421875000e-01 1.160451812155e+04 1.160451812155e+04
1.986328125000e-01 1.160451812155e+04 1.160451812155e+04
1.990234375000e-01 1.160451812155e+04 1.160451812155e+04
1.994140625000e-01 1.160451812155e+04 1.160451812155e+04
1.998046875000e-01 1.160451812155e+04 1.160451812155e+04
